4
25 3 2
3349
-8977
-5963
-802
8369
-9752
-751
7174
-8985
-9395
6608
9559
9972
7353
-1089
-8536
-6721
9515
-7757
-182
-6515
-9477
2575
843
-6842
50 2 10
3790
5911
-4223
-6897
1683
7359
1657
-5997
-6679
9562
3898
441
-85
-865
-5354
-1110
8899
7228
2984
3531
-1641
112
-9690
6109
4440
7728
9832
5622
7714
6470
3582
1504
-1267
5711
4607
6768
3071
-7384
7123
6392
-7822
1021
-6815
-1554
6509
-2168
3688
1760
-8588
-3328
50 8 4
-8356
-3876
6785
-8046
8585
-2423
6034
8417
-6801
3749
1239
3133
-4747
6325
-1156
9861
3093
-8085
8829
-3431
4659
7360
7590
4197
-4194
4099
-7971
9494
-4140
9793
-7482
-2496
-7731
9303
-4190
-9145
-6768
-8155
5624
-3569
5594
-3136
9564
7199
-6811
-5239
3412
2634
-3324
2242
50 15 3
4186
-3142
-3258
8914
4570
3208
-6816
-2956
-561
-9912
-3806
7912
2547
9384
5987
8153
-9189
8526
-2644
2504
-1329
8720
608
-1059
-6602
3746
1342
-6448
-3581
-3596
-8973
6957
-386
-2231
2224
-9463
7330
5408
-2419
-3231
1848
127
-5318
-5605
-4137
7021
8900
-3326
5548
-3744
