4
100 40 1
4030
-4771
-8480
3571
-9836
-9914
-655
-1971
-925
-1654
7819
-865
5972
-2932
263
8127
3668
-5075
-6428
8630
9652
-5980
8067
2477
563
-7486
-4763
5435
-30
6917
7547
-5999
-7854
9067
3924
-7690
5505
-6731
339
-5419
1615
-5490
68
-2412
-2069
-9669
-7933
-8401
-8392
-4361
6581
-8739
-3988
1000
90
6575
-134
1680
-1638
9837
-1403
-7739
-9810
743
7680
4114
-594
3185
3735
6097
7766
-4649
-9392
-5814
-709
-5109
-9130
-2290
-7158
-7522
3350
9423
-6261
9362
-3224
182
2289
2994
-8138
-9349
-817
459
9264
-627
7554
6944
9839
-3040
129
3575
100 2 16
-5169
-5178
6823
-994
6089
-632
9044
-9271
-9187
5756
-9083
8515
-2002
-8324
3898
-7269
-1700
7657
-9004
2131
-3953
8269
-6778
-9903
5155
-9758
-2424
6583
-2622
8518
7961
2209
9693
1136
-8784
2134
-9496
-9740
2863
-8683
2369
3780
6185
6719
1808
83
9450
6461
-5908
-9554
-1408
140
5067
-1834
-3411
-3425
-5239
518
-6842
2139
-964
-8881
-9300
-4919
-1393
-8084
7215
-889
8529
-3570
-3219
898
6562
-7034
-6031
-1629
-599
-6580
-8816
3494
-9782
-3872
9986
5286
4295
-3425
-8139
9056
7093
-8629
-2453
-7518
8843
-1753
-2437
-2550
164
-8869
6562
-4955
100 10 5
-6087
9695
2295
-9524
9013
6264
-4801
-1586
9684
-3617
8260
6255
2511
8246
1541
-6842
-5178
-246
-7786
-8085
1125
-239
-5603
-3680
8009
-1687
3771
-5475
-4204
-3315
-4078
-291
-3620
8217
-3463
-4607
4481
1736
159
518
4471
-1580
-6875
-3017
-3334
1018
141
1488
-9228
-1292
-244
-1751
4821
505
4570
-818
5170
-1659
59
7318
5026
5981
-6620
7758
4198
-83
-6849
-4968
-8346
3310
1902
6125
8082
5027
9460
-5251
-3955
-4046
2589
-6831
1014
8697
-2230
-4165
-4445
-7660
1370
-9275
-2967
-8571
4396
8411
7411
7776
6169
-2039
-2307
5672
-655
-4301
100 12 3
-4665
7599
-8175
-6583
2626
7637
-5482
5023
-6409
7108
4544
4605
2157
-7685
6793
7712
-8993
-1837
8438
-1959
-4056
2834
-7196
-6645
610
5326
-2331
4655
998
3366
-9645
2685
966
8532
6103
9944
6169
6973
4968
6113
4081
-4136
-2930
-3761
-1821
-6137
-6049
-813
-1622
8741
3580
4323
-2073
6384
4030
4889
1710
-8301
-455
9061
1418
-3748
1746
-7616
-5216
-5799
8680
7305
-8825
0
3418
1608
5865
-9511
4199
-5956
-9296
4503
3231
-917
-404
-3189
9758
7524
9548
3788
-1235
1258
1840
8310
-3329
-6742
-9086
8418
-4358
-4302
8971
-5678
9356
6498
