4
1000 30 2
4030
-4771
-8480
3571
-9836
-9914
-655
-1971
-925
-1654
7819
-865
5972
-2932
263
8127
3668
-5075
-6428
8630
9652
-5980
8067
2477
563
-7486
-4763
5435
-30
6917
7547
-5999
-7854
9067
3924
-7690
5505
-6731
339
-5419
1615
-5490
68
-2412
-2069
-9669
-7933
-8401
-8392
-4361
6581
-8739
-3988
1000
90
6575
-134
1680
-1638
9837
-1403
-7739
-9810
743
7680
4114
-594
3185
3735
6097
7766
-4649
-9392
-5814
-709
-5109
-9130
-2290
-7158
-7522
3350
9423
-6261
9362
-3224
182
2289
2994
-8138
-9349
-817
459
9264
-627
7554
6944
9839
-3040
129
3575
-6942
-5752
5278
-9982
-5214
-9079
-5091
-4344
-1369
-2249
-1865
-8019
-6474
-1774
7695
-3346
4760
-16
9649
6622
-3013
-1168
-2919
-7397
4558
-5364
9547
4397
-2052
-3971
-5676
1006
-3371
9602
1024
1415
6875
2285
3424
-4493
-9964
7911
-6160
9915
-7511
7888
-3431
7250
-2128
-3782
3872
1212
1403
7306
3815
-4039
8294
-285
-9642
-3758
5744
-5317
3601
8725
-9363
-9023
-3508
3865
3263
9916
9372
-349
4179
9564
-434
6669
7452
2488
3919
-8323
8706
-5857
-759
-3539
7801
-6944
2422
6095
-877
-867
8690
-8781
168
2291
9944
805
3268
-3563
-8978
-7117
-7295
-9606
2535
6885
6311
-7899
3554
115
4589
-6175
-1856
-352
-5680
7385
6109
-7878
6794
-5116
8217
-4083
4017
3259
-2863
-5815
-4450
-2919
1342
5171
-130
2365
8054
2576
-889
589
-4187
-4578
-957
5719
1890
9984
9544
-9966
-4016
-6136
7420
-7906
-4014
4214
-6670
-9444
-9869
7347
3815
-6380
-8468
5718
-2946
2874
-2759
6924
-4761
-4705
-4148
4351
2237
1665
6125
7632
-2616
-1985
7616
-6720
-1950
-6399
-6503
-8178
-7953
-4165
6036
-4623
-7257
2519
9076
6559
2492
-9392
-1371
9546
-166
5870
6470
5074
-8835
-7677
-4223
-246
340
8254
-2614
4077
-7378
-8645
3709
672
-8692
7206
-1154
-6645
9394
-8766
-4916
-7863
105
-5840
5048
-7403
-8880
-6323
-7857
954
9547
8614
-7620
7065
7289
-5491
-3181
-6019
-7236
558
8058
-8262
1913
-1880
2410
3221
-4674
7608
2928
-8928
8842
8012
-6790
-1053
8524
8258
1545
5996
-8064
3688
-3050
7835
-1346
-4317
4900
-7705
-3456
-8280
-7371
-692
2278
7039
-2602
-9457
-4841
6160
3764
-3162
3768
-3308
-2090
2610
-8944
-2528
7910
5932
-7917
-545
1928
-5981
9495
5230
-8146
-5498
-9087
3107
-6851
-6190
4827
-7870
3118
-6543
9170
6869
-6000
-5671
3029
4116
-2481
-3202
7160
5430
9408
8216
-7098
3670
500
-8663
-6875
8780
-4644
8973
4010
-6437
9827
1276
6670
9328
5086
-2151
-8541
-5444
1306
-9371
-8575
1658
-8690
4455
-4226
-1170
-8747
-7066
-9388
7013
7502
9866
-2964
-5646
-8796
-3487
-6866
-7088
-4514
7144
-3525
-8335
-5228
9497
-9006
9858
-6302
-7547
-9233
1356
9434
-7808
9366
-9256
2999
-4860
-426
604
-5574
-3462
-6030
8280
-3595
1006
-7366
-2391
7519
-4232
521
9358
9265
3349
-8977
-5963
-802
8369
-9752
-751
7174
-8985
-9395
6608
9559
9972
7353
-1089
-8536
-6721
9515
-7757
-182
-6515
-9477
2575
843
-6842
-9816
-1637
-4722
-2943
-5927
-5457
6758
-8552
-1419
-4043
9818
-1171
5206
6992
-3804
2163
3601
-7893
-1513
-2694
1018
-48
-3063
534
2195
3107
371
2718
-4318
-8785
2228
-7782
-4070
7507
-724
-3645
-7950
-3966
-2197
-3017
-1657
-2379
2164
-6451
-5386
4712
2065
4567
6820
-9448
-8127
-2162
504
-4838
4724
9051
8270
-4904
-1878
-6048
-7337
6702
-7477
-5055
4209
1799
1300
2612
4185
9103
5947
-7471
-3275
-5536
-7570
-2309
9176
847
8610
5996
1400
6835
-9813
8256
-8003
4911
3660
-9733
-9993
-8218
-9428
9022
8484
-6905
-6033
-954
1246
5267
8010
-4569
723
309
-5688
7448
4773
-6905
-8509
3950
3942
-9899
-3702
-4658
6936
-3515
9951
8933
-8603
3611
5553
7756
5393
6125
6779
229
5572
7098
5627
-3182
2366
3637
2249
-6911
-9701
2914
6889
5072
6009
4732
-4626
-49
1185
-1975
1646
-5527
4510
1597
9758
2259
-4792
5311
-3632
6953
-2212
-6853
-6466
-6640
-9755
9162
178
-1037
-849
8780
-1596
-550
1694
-8355
-9125
-5945
6377
-3751
358
-2438
4274
-7996
2035
-4863
-47
1794
3748
1513
-6543
-9884
-5182
1246
9615
-1647
4606
6213
-2485
-8863
-4824
3018
9917
-67
-7531
-2037
1578
9696
2018
-2044
-4055
-7624
1870
6572
-9267
-9742
8061
-2962
-1596
-1839
8552
-1787
-1722
9722
9459
-2107
-1925
418
-5894
1942
1555
-4365
-5039
1472
5568
-6218
5787
-2854
-6522
-2195
1454
-4225
-3467
9677
-7653
-2734
6287
6760
657
-8957
-5078
-4439
-744
-448
-4717
-4932
7445
3359
5486
7904
-4699
-6607
9891
-3386
1217
1811
396
-2996
5309
3874
4809
-6884
9650
-8658
-7207
8349
-5039
5432
5110
5618
6475
6384
-8821
-7917
-4064
-3538
-2849
9733
6173
-7363
3989
-8525
-3970
3880
-1911
7247
-4309
4838
-5749
-8999
-1288
5412
-5883
-1638
6755
-6738
-6936
8068
5046
8174
3686
1521
4558
4865
3604
6846
7679
7108
6579
3853
9745
569
1680
-7872
-9199
6121
5727
-3507
959
6331
-6154
6024
-1905
-5685
-5614
-8798
-6071
-2550
9270
8975
-8024
2956
-3152
2886
-5827
-9548
-268
-8147
3912
-7336
2058
3658
3233
-6262
2138
4034
6211
-5783
6879
-2829
-9452
7077
-6805
-5004
7744
-6067
-3802
-8327
-2264
-4531
-9352
-3936
4777
-2504
8951
8951
-5699
-4965
7156
8213
-2301
-786
-1777
7284
-696
6713
-2329
-8133
-9069
-9098
-4610
7831
7980
-1415
-7173
2076
-1129
-4622
3750
2959
847
750
9023
-4376
4599
4326
-9073
5252
5714
8083
-183
9765
-6351
8041
7050
-695
1106
-8927
1173
-1611
-8025
6563
-7427
6307
-8499
-8248
-1616
372
-2870
-7866
9683
7977
-764
5058
9954
-6165
-4263
-9119
9087
-8549
8965
-1095
-8784
8966
-6702
4618
-1728
756
2043
9445
9146
4019
6008
-8281
-3322
7509
-6529
5062
-5767
602
3548
-9732
-5069
9137
5327
-5115
-7028
-8936
-4233
8412
8867
-8916
-6331
6435
6402
-6681
1054
-5326
427
9449
-5881
-427
-180
6480
-2356
6499
341
-2532
-2087
927
8070
7814
1195
9353
6951
-3478
-9409
6275
-6062
-7290
1039
-7195
-9854
1060
9241
6548
4379
-3353
-8777
-5193
1000 8 50
-4537
-3961
2129
5300
-3224
-711
7652
-9566
3044
6907
267
-8893
-3893
2413
-88
3290
276
7310
-3378
-2783
3183
-7006
8370
1858
279
-1955
-8496
-1915
869
-267
-9991
6333
5772
2139
-2015
-7452
-8572
-4363
9334
825
-7455
-4047
-1716
-1348
8367
8196
8294
-5005
5506
-8732
-1436
-4959
-5737
-3066
6900
894
4980
8404
5331
-7799
-5511
5340
4886
6613
-6169
-7128
5514
-8388
-5139
4848
-1211
-6242
-9198
7073
-1237
5521
1621
-6591
6868
-6521
-5322
-4568
-1479
-4707
2367
-4579
2539
-6301
-9823
-2130
-7748
-8982
9562
7139
7631
9746
6363
3145
-8642
7576
-5654
147
-8665
-4852
-6428
98
7021
1545
3507
3889
5024
4537
9321
-6455
6182
-1960
-4682
-1279
-1909
-8153
2943
-3304
-7135
2506
-6165
6849
2252
6550
-6
-38
4126
4340
-9891
1813
5840
-9967
8263
2861
1578
-1877
-6898
-3398
-7340
-7576
-3500
8843
-3184
-1830
-6084
4908
-3630
6860
-8396
-765
-634
-8209
-7564
7970
4693
2431
-2068
-4829
-6877
-5607
6985
5316
-9222
1600
-5471
2356
9723
-2368
5310
-7616
-3592
8162
7579
3224
-3667
7847
-5516
-945
1059
-7560
8290
-9575
-9417
7079
4747
1628
-490
-7321
6800
-1015
-6576
137
-5699
-5798
-8263
-1169
6558
-8539
2815
-1779
-9803
9223
-7265
4128
-1201
-4580
-1673
3284
4475
9387
2076
-882
6164
-988
-3803
912
-9360
5707
-57
7440
-8956
3368
-2423
-4654
7570
-4333
529
481
-6520
9696
8702
-9971
8919
-8563
4157
-2282
-3142
-7516
7354
7685
8223
-4217
-3197
4388
4795
3000
-4700
5435
-4941
5243
-772
-3896
-5037
3157
-2198
-7466
8824
4683
3015
8656
4379
-1931
8685
3298
-4142
2842
7368
-932
1679
1075
-3246
-98
6858
3557
-9358
-1995
-3442
-4058
-6560
1617
7538
2668
7721
-7499
-7822
-8125
-8613
-8998
6558
4402
9659
937
8823
8344
-9413
-5318
-2461
7956
3750
5570
-969
6856
-8176
-7759
414
-7533
246
6972
-5239
38
-5059
8651
9059
-7337
7505
-8763
-5462
8892
-7761
7449
-353
8250
-1614
-1530
2947
-1026
-496
6838
-6718
9607
-1240
2313
6463
584
906
-3123
-597
7504
-9799
4165
-2458
-4857
-832
-3399
-5842
-3327
-2162
-4952
-8082
-3570
-7503
1565
-8968
884
6387
3979
6210
-4108
-2831
9492
-4501
5929
-1843
-8038
-3486
9063
-4808
2269
6567
-4607
-7214
-9539
536
1955
-2937
1046
4980
4901
6095
6898
7683
8592
-5185
8716
-4172
-8797
-953
8390
-6553
6217
7882
-1054
2146
-3961
-2740
5012
-8546
2452
-2718
4373
4198
68
4835
-8914
8375
8250
2133
3356
-497
-1772
-3394
-2813
-6828
1422
-4097
-4647
2625
4950
-6257
6072
-2481
7978
-8630
9666
-9631
-1370
1030
8176
7435
4664
-1099
1633
-8915
-6264
-929
9460
8338
-8796
-832
-2158
-4216
5775
1381
-4691
-2803
7284
662
6174
-1414
757
-1402
6106
-4913
-32
2124
-4543
4950
-6846
-6367
-1263
4171
2534
6722
5256
2623
-4206
1068
-2687
-3002
-9763
5155
-865
2364
-3464
4444
5913
-9828
-8542
2087
-1241
2215
7037
-8783
3655
-6643
3341
9112
8307
2847
9097
-6603
-2982
-2017
-9881
-7726
6958
-7735
-305
-5728
-736
-68
5779
8399
-7704
-7684
-805
4561
8840
653
-7000
-6049
9220
-9963
-4832
2875
-6606
4861
-1661
8053
-2291
-2564
-8550
1079
1772
7922
-294
-1270
-9813
9401
3002
-4197
-667
-1218
-9446
-2019
-2550
-251
-7458
-3710
-9598
-4458
242
9623
-8069
1762
-1150
-4675
-3376
7190
-6622
685
-9022
-8819
-8236
2750
9103
1470
-8519
5642
871
4483
-8554
6556
9617
-8000
-5463
-2933
1750
-6569
-290
-1496
-4675
6304
-1873
-2744
-1934
6978
-1067
4690
520
-1336
-4625
1498
-155
-6508
-5751
-4700
4962
-4270
-9058
-4166
6565
-7612
8742
6183
-5611
-6720
-6750
2491
-6937
2960
-9005
-5259
-736
-4525
-1651
3683
8805
7283
-1627
-675
-4053
101
-9177
5792
-55
-8576
-8908
-5093
-2846
8386
-2907
-6280
-9225
-4164
9903
-8484
-4532
9505
4007
-5117
2466
1354
-376
8082
6829
7974
1765
5634
5257
6491
-5041
7556
-7056
-7865
3348
2889
-6441
792
4148
714
-4470
7594
786
-3695
-6570
-2959
-5827
-4750
-3454
8180
133
5364
-465
9758
3447
-7284
4084
-8436
8351
-659
4407
-6690
-3103
7351
-4555
6597
-3408
-4643
-6259
7093
2423
-729
4687
-6791
1929
8117
250
6102
9719
3148
635
-148
-1487
6522
-4038
8312
9238
-9954
6228
7589
-613
636
7252
2636
-5661
9049
-4415
932
-5594
-4322
-5623
3181
4950
9064
6390
-6769
3533
-7008
5685
3252
6141
-3680
-6896
-8994
9194
-933
9318
4785
-887
5546
-1274
4853
-7466
-7670
-6159
-3126
-8620
-573
4158
-7862
5105
8535
5320
-3593
7599
-1938
-4010
1132
-2593
-8324
-5616
-6452
-5652
-6160
-5446
9895
2907
-9776
4680
8373
2122
9758
3226
4657
-7911
3419
-8469
9821
-7154
2041
-8041
4304
576
3631
7063
-5473
8046
9406
5659
-4547
-8918
6395
-4647
-8218
-9765
-3741
-8323
-505
-3517
2709
-2132
4957
2468
7446
-386
4557
865
-2503
4378
64
9538
2689
-9280
-3534
-7327
4135
993
-9281
3541
-6996
-3828
975
9399
1525
2758
5987
7784
787
-4518
-9381
-6503
-298
5576
5965
-6500
-8457
522
4365
-4608
-8748
-9219
-8717
3941
7853
-2251
2966
1989
5095
3685
-8118
8099
6209
2858
3851
-2266
-8032
-162
-8130
2755
1672
8841
6252
7726
4418
-1431
-8774
2313
5443
1943
7705
6695
2725
8988
-3011
-3070
-3262
9955
8919
8185
-7
7154
6284
-3798
-3636
-3513
289
-1668
6325
-1489
7439
-5651
-2647
44
-7925
8123
8613
9653
436
4057
1597
-5507
-2896
-5678
-6518
4093
-2396
-3428
401
-3476
-5243
-9606
-9970
7393
-3404
-3606
-6119
6885
1078
6558
-4603
-1483
-9092
-898
8561
9335
-2775
3527
8989
4013
-2416
586
8506
4688
1260
-8012
-4866
8864
-5088
5535
-8260
-331
5929
-8230
-6585
8877
-5484
-2704
5763
5594
-6146
7512
-9536
-8886
-3386
5377
-9550
191
-1096
5791
-5796
2840
-3623
-7290
-2471
3989
-8949
-985
-795
-4037
-5450
946
5633
6831
-932
9048
5708
3585
-7304
-2177
-4469
-3450
-8313
-7653
-5983
-1699
7725
-9181
4844
-7019
6610
9048
5822
-7013
-8241
9703
3328
-7190
-4930
-7467
-1227
-380
3479
-9242
-7197
8900
1000 20 20
6158
8511
-1163
8854
-7313
720
-8243
-5626
3068
-4226
-972
-2855
-7055
-6128
-3522
9555
-7079
8652
8894
-8968
8355
2222
-6158
9777
4755
-1033
-603
-5413
-3922
2200
9839
-7764
-2936
-1324
7443
-249
9396
5552
477
-1184
7678
9505
5961
-9377
-6622
8792
-9822
-7349
7444
9072
-6317
5800
-2354
-6123
5577
8753
2844
-8673
9692
8922
-121
9531
7511
3295
-5441
4954
9398
-9692
506
-124
-876
-5464
-619
-8562
-4841
-889
-9770
-4663
1762
7674
-9239
1797
-174
-1593
5674
-8244
-2840
-5129
9435
-3147
-9855
-4334
-7264
7656
8962
-2704
-1038
8360
-2396
5820
-5412
3080
-9644
322
4518
-4485
5785
1100
-2796
-2452
-1225
-2035
5697
4953
6372
1372
6709
9885
6243
2496
-6910
2740
8163
-4174
397
3477
-526
9359
1837
7078
1532
2778
159
1888
-6900
-8971
3756
8885
2130
-9040
-7215
7257
-4722
8483
2210
8002
-3793
-4728
7887
8802
4120
7329
1542
2283
9508
8291
-4240
-1018
4003
3950
-7587
-4465
-3272
-1076
3775
-3820
-47
-2469
-4935
8435
-5156
-5797
5692
122
-7314
-5745
-1876
-4755
-4121
-7636
-9601
9999
6045
1941
-1365
5553
233
747
-9112
-5764
-5303
9653
-3877
-2223
-1423
9898
3957
4882
-2570
5375
-330
-1374
9578
-8286
8748
8616
-4031
-6776
-6139
-1800
-8060
-9388
-5448
7986
2553
3187
-109
9138
-6066
779
9726
-5016
432
-4151
2761
5361
-4252
-6929
244
-470
4798
6266
4508
4376
7980
-392
-656
-6050
2832
-443
-1498
1125
169
3054
-889
-7278
-3759
5354
8213
-3472
-7514
7939
1512
-730
-6211
-9375
-5368
-4111
-9952
1228
1771
4846
-2506
-3721
-4426
-4526
5887
4918
-4224
-4929
-5525
4279
6196
4644
-6315
-8341
3719
-73
7014
1932
6455
9500
-3777
-5681
-4878
-3636
-8704
-246
2253
-8655
7334
-5976
6191
-8820
-3345
-8234
-3345
-7458
6684
-1217
-2386
7512
9414
-6190
2156
-6900
-4530
-7773
-621
8836
511
-7814
4688
6735
-3495
9810
-6901
-2199
-4083
1705
-854
9603
2081
-8310
-9216
8737
-6544
-6209
7631
6492
-1074
-4755
356
-1659
-4592
-7487
1441
-2770
-8908
7172
-7582
1604
9358
7106
-5309
-4137
3268
-5858
16
5537
2199
5515
5141
-5719
7205
2277
9370
7013
6068
3353
-143
-8654
8599
-9786
-313
-9641
9079
7480
-2411
-9829
4652
-3641
-1873
4010
-6535
-830
6225
3085
3313
-3758
-1377
-8136
8109
-9884
-7503
5314
-1255
8219
-1321
-5187
1573
8536
-7489
-3476
8750
2199
-3117
7829
-3969
824
4353
-9316
7183
-7520
1046
7000
-1997
-2728
-3563
-8684
-134
1412
9532
-2025
1528
-7970
9641
-9727
-9751
-1680
-8562
1822
-3144
-6050
8346
-4393
2501
-8419
9788
8532
-1243
4141
5568
-4060
2974
-3385
9292
-9023
239
-4270
8645
6457
7142
8177
-9216
-4977
6559
-9575
-8352
6809
-1255
-6913
-5017
5601
-6611
-6670
7560
2242
-8737
3701
774
21
-2158
-7305
2313
7168
-690
-2042
8145
5901
3688
3142
2358
-2818
-2328
3142
2205
-5769
-81
206
-8960
8664
-355
-3976
617
3034
-4294
-5470
-8372
-3031
8231
2402
3342
-7575
1449
-4344
9594
-9241
3614
4091
3012
-6346
-6414
-8278
-2812
1258
1216
5746
5489
-8865
-4048
2882
6151
5597
8906
-3231
-1369
-9036
-2349
-3389
-5715
-4118
9013
7628
-1693
463
9636
-5747
-2426
-398
4697
6939
-392
8283
8661
6796
-459
-3770
2542
-4970
-2635
8494
7912
9869
443
3170
-3362
5426
486
4289
-7963
4772
6523
-8949
-1248
-8818
-2134
-5260
-4564
1792
694
-9867
-4917
-9698
8416
-9903
3450
-5691
-3673
-7655
-661
44
7191
-6396
-87
-2365
3126
2903
-6939
-6387
-6456
-4901
4737
-9933
-7498
-6511
7602
-3280
-1771
-6962
4864
5275
9523
9948
5577
4291
-9955
-4621
8600
-7276
-2276
-5709
-880
-5084
-5753
9034
-1097
7374
-1711
1964
7339
1834
3415
2076
-1747
5917
1917
-4145
-7363
6498
-4755
3854
1773
-8880
3802
-6298
1763
199
-919
-3285
-725
3158
1007
8395
4426
1606
3781
-6671
-4668
-7929
1645
-7329
257
-4939
1099
4862
7330
-6984
-9282
6320
9514
-7685
174
1287
9788
-6024
1341
1551
527
-9577
4619
9802
-67
-4374
8197
-5641
3584
1979
-5960
8917
402
5685
-8412
-9341
7098
2688
5521
4429
2056
2591
749
1571
1259
-9077
9210
-2601
-8749
552
8950
1778
-2673
-79
1580
7260
1899
-3871
7971
-4516
4460
-7989
-5599
-5138
4048
-7659
-8127
-2501
1381
7395
-8072
-6562
-3662
-971
1361
3949
-3696
571
-8652
-2445
7475
6651
5685
-5198
-3428
-2735
-7938
8472
-254
-9967
-6044
-5793
8396
-5291
-931
-1203
-6598
943
6296
4784
-5310
4576
4574
-2620
9957
-4065
-8670
-3739
2858
9030
168
334
5681
-4147
1488
8606
-530
3551
3430
9216
-64
7386
-6577
-5315
8447
-1155
3482
-8151
6140
-3870
2985
-9170
-9294
-6089
-5438
-9337
-3802
-7756
-6724
9057
-8725
3444
-4257
3308
5649
7231
-1734
-4881
-2866
-8304
-9313
7071
9082
-5889
8108
3881
-692
-2058
2083
-4552
4072
-4932
-7370
1130
-4668
-2808
-1855
1530
-4211
1421
-3061
-2936
-8783
2682
6724
6866
-3734
-5009
-8015
3400
-3313
-7328
-3177
-7878
-6865
-5069
6003
-1205
2873
-5562
4243
-6703
-493
3225
4427
1191
6770
-7428
-7279
-7441
3993
-339
-4025
1562
-7657
9051
-1572
-5039
-5958
413
8362
-2918
-562
-8463
-796
2573
-7179
-8441
7721
5694
-4002
1964
5344
1857
-8458
-229
-6952
8312
2344
-7879
7223
-7311
1782
-6802
4252
478
-7751
9032
5439
-7356
-554
3801
-274
5236
1691
5282
-5839
4512
3193
-8118
206
9191
199
-4450
-2600
1741
1674
-3200
-3595
-9630
-1078
-6372
9411
7056
-6822
15
-2466
-8221
-952
-7026
-5577
4846
3127
501
82
-5182
-4217
4243
9330
8977
2478
-4111
4520
-7323
-2209
8273
4418
9465
-8575
7175
6187
-3301
-9197
5599
-6244
-6019
-4386
1290
-4240
4662
616
-3464
-4140
-9904
7037
5942
-5086
-7179
-3462
-9403
8150
5368
-3514
2670
8045
629
-2705
-1185
-3553
-1279
-4010
-7366
5420
-6855
4585
9176
-2874
-9800
-3181
-762
1214
3787
5774
7075
3883
2812
-631
5150
1985
2259
5747
135
-2373
8585
9157
-4328
-4434
-3547
839
2013
5174
6829
1000
594
6326
-4415
-3877
-6548
-4215
-706
-957
3352
1000 6 100
-6919
-5183
427
6965
3981
6148
-1533
-4034
-1592
-5786
2453
6035
9151
1611
8060
-5283
4416
-1101
3083
-410
-7919
-5917
6536
4759
-332
9011
8212
1806
-1695
-2745
-8490
-2261
-1576
-1711
-8944
8758
-5563
-477
-8924
-803
3737
3530
-4767
-760
-8507
9645
3957
5909
-5104
-2960
-8149
-6671
-2525
4739
8089
3496
103
2653
-8346
4760
6260
-6836
-7501
-8964
1453
-6445
9794
2242
3078
-9129
-8560
-6833
4401
-6975
2407
2246
-7330
-7283
-5493
-6082
-3891
-7290
-2752
3585
7449
-8311
-2919
-6096
4342
-1265
8665
-3046
-1749
-8836
-2010
9704
-8928
-2215
-1702
4150
-1344
-262
7318
9409
2763
-3923
1655
1785
-1206
2514
2056
4904
5224
9304
-5159
-975
7345
1922
2930
-1961
7009
1595
4993
-8388
2759
-7017
7668
3831
768
-4034
-5666
5776
5705
8004
5185
-5180
-5919
-6808
2958
-772
5706
-4986
-9516
930
-9330
-4675
9956
8015
3599
2886
-7594
-3040
-9167
7399
-1428
-56
-9618
-3760
-9872
-2497
2206
-5538
-6721
-5737
8818
4817
-4564
-7101
8009
8394
-1521
68
9760
-1037
7350
-9570
4288
3658
4797
-2113
-7104
7203
4847
-6271
954
9771
3674
-2312
-3989
3802
5191
4570
4616
4823
5185
3434
-360
-9379
2685
-5999
5367
-8835
421
1479
128
-2228
-1739
-5583
-8570
-6942
-1344
-5673
6613
9856
-5592
-6081
9627
8082
1608
-8009
-1764
-3201
2913
-7148
7974
-1902
6286
-2386
-4928
-4676
-2032
6791
-3511
8389
-1729
6617
-7487
2884
7386
-9704
5943
-7605
-5377
-1092
-7749
-4617
2828
8230
-6534
-5564
6573
-1946
-2413
-514
907
-4438
3937
-6455
-472
5361
-1131
3848
2152
1710
-1410
6775
-5320
1103
-340
-7934
1399
-8045
-9187
2374
-2785
9416
7758
6395
7647
7576
7183
572
-4370
-8877
6411
2889
-3315
348
2787
2565
-4291
-8344
-3586
4213
-281
5004
-2659
4399
-7541
3353
2817
211
1660
3631
-7415
8875
3047
-9657
1623
-2954
4271
-1194
3971
9902
-71
382
2791
2966
-9270
-4422
-8116
-7209
-6413
-1702
3356
3306
9654
7049
-5943
8465
402
6874
-1324
8414
-3143
1262
7290
9905
-2043
-4735
-6697
-7771
4071
7274
8483
-9647
-2344
1274
-329
-5262
3205
1555
-6119
3144
6205
3590
-7198
5859
-3009
-3141
677
3746
-9915
9353
2160
-3057
-3033
-4198
-3152
1277
1067
-3497
3506
-8509
-9870
1989
-8156
-5862
9615
1515
-4771
-828
-6929
-890
-7684
5628
9052
-4882
1488
-3956
-1671
8517
6142
-1585
7870
-1698
5358
-8810
4105
8558
2467
-4828
-4939
-7675
-6985
-4809
4314
-5141
-670
281
2727
4559
9454
2150
-9979
-8230
-2222
5426
-6759
5618
7822
1570
4135
3964
9985
-1642
-7734
5343
-452
2723
3901
8367
7896
5315
-9308
7263
6858
1358
-7877
-7460
-8361
1202
7099
7445
-6648
3473
5568
-2518
-4749
8809
-6899
-6927
-3269
3588
7037
-3283
8298
5655
8412
-2154
-1621
-1334
-7435
-7373
-9667
-6743
9890
7191
4615
8365
9732
6255
-433
3183
52
-729
-6992
-4380
6754
-1741
-5571
6207
1332
1161
-3853
-5279
4230
-5554
-9623
2642
-1356
-1244
7660
1210
-2265
7993
819
-2375
5185
-4565
-4009
1269
8042
1910
-5548
-1906
-8818
-2539
3715
4288
5720
4496
-3153
-6595
-7991
2994
-1874
6239
3792
-1497
-4766
8789
3611
-7106
-1
-8654
7240
-9182
-4676
-1223
-7395
1315
-9954
-9353
9577
-9150
-4906
7111
-5337
5161
1399
-9616
-343
4598
-9859
1667
-2407
-1733
-5742
7737
3123
-508
6526
-3266
-1261
-7123
-5567
-7669
-9952
-243
1108
9005
7424
1154
9653
7001
-1644
-8901
4113
3020
6260
-8136
-244
-4083
6463
-103
3936
-9592
4516
8195
8145
-2361
-5961
1024
4374
-870
253
5159
1461
301
-5084
8921
-693
-7660
-3573
-4688
5693
4784
-7237
-194
-2196
9023
1671
3912
-8708
-1866
-6191
5229
-1458
8325
-224
-6961
-7683
167
415
3043
5650
-9331
-1798
-2889
-2678
3118
-3967
6629
1810
-1188
8293
-2497
-6404
-8944
7310
-2248
6431
-4667
-8336
7724
-181
-8175
-695
8361
6503
5433
7752
8820
-8048
-1832
1863
7602
-1163
6417
-8934
6159
-465
-6549
-859
-8655
2263
-6214
-1152
5860
-8805
-7490
9964
7626
-2157
-8371
1702
7662
-6546
-8993
2375
9957
6440
-3520
5129
8393
4648
-6656
2347
9837
9761
3413
2348
-704
3216
7841
-3007
-4520
-8372
2194
7692
9175
4704
7656
6801
8900
9285
-1496
6562
9092
-4137
-4710
5401
-7696
1770
531
7049
-7230
3875
-4252
-7393
-11
9162
1307
9285
2378
-851
-7369
4210
777
4825
1902
-48
-4119
-441
-6895
-5219
-4804
-2039
7696
-5712
3825
-7014
6042
2481
4756
-3427
-470
3878
6800
5278
6485
-3211
792
-2208
-7573
9523
3293
-8590
3733
-9578
6235
-8012
-3274
8468
1547
-168
-6750
3095
7793
-9054
7384
1618
-6068
3426
-9549
5040
6351
-19
-4730
-497
-8388
-8245
2645
-1244
-4101
1424
-5369
5545
2834
4717
5967
-4579
6705
-7306
-6111
-1748
2526
-6509
7699
-3329
-5563
5083
4642
-5279
-5139
5093
6113
7564
-8573
-8617
-2932
9391
9490
9713
-5501
-8258
1137
-869
7287
-9677
-6152
3254
-4256
-9447
5948
-4015
-4843
-5174
-523
-7144
-2150
266
4292
8844
4988
9153
3937
-2547
6718
1716
-1163
-9862
1107
-5321
9851
5607
-3579
-2660
-8910
-9940
-5985
-5062
3315
-3889
-8157
-4385
2096
-6648
-3206
7925
-3792
996
-1808
-9500
-160
9532
6006
-9871
-3015
-924
1846
2174
-4434
9305
6854
-8231
1264
9627
-891
2354
9688
-524
3644
-645
5587
1839
1322
-5965
5191
8116
-8039
-8600
-4536
153
8252
5304
-3963
610
5434
3022
6038
-6368
-8451
-8396
-7063
4755
-6627
4202
4382
-1166
-7092
422
8310
2905
9777
3897
-5256
1100
7933
9936
-4432
6246
7688
-2615
-7249
5940
-7311
-1212
-7097
4475
8162
8941
8107
9711
6898
7397
818
-9729
-2049
-4799
-4542
859
1975
-6232
-6236
1753
4018
-5139
9205
-1697
-5203
-8875
-5451
-7515
-1490
-2700
4777
-2448
2440
7680
-7973
602
2974
6487
-3334
-128
3884
7484
-3505
-8165
9037
1953
-954
1013
2074
-837
9118
-3908
4024
4675
4395
5173
5800
5296
7658
-9337
8948
2435
-5433
1388
-3532
-3406
8342
9442
9433
-8640
-686
-331
5197
5809
-2144
4234
-5885
6903
-8401
6189
-7582
-9283
-7719
