10000
891 -175
-923 -30
260 751
753 -930
375 -901
291 -539
-290 -429
853 -198
850 -686
480 284
12 -286
838 394
-491 294
901 124
-234 -386
654 322
-591 -538
-928 -406
13 -885
-284 -736
-139 -256
-712 -430
669 -201
70 162
257 -401
-892 -991
31 371
-967 807
264 -558
544 -784
-856 499
-175 -74
-459 -273
-903 639
318 1000
-26 814
-685 344
485 383
-531 95
270 8
-526 831
-328 -659
-862 -655
-363 -766
-539 -188
789 -838
2 -169
490 640
-700 676
-158 -73
583 38
162 -821
149 -81
-955 -811
102 877
194 -237
-779 634
-504 -624
-316 6
731 701
398 -971
-921 -502
-117 -821
-559 -54
62 278
-745 210
-933 -966
538 -282
77 923
242 -857
-599 -787
-798 -271
927 -25
718 -285
281 -104
388 554
726 936
-433 -412
-800 920
-229 -565
-525 -538
-559 -863
-849 -154
-115 111
789 -406
493 86
340 813
224 -202
633 807
-927 31
382 585
-833 -577
-717 649
-810 -303
-534 45
-503 694
206 -952
-3 64
-858 -774
-60 481
-803 -876
546 114
588 670
-204 452
-110 617
538 -43
785 -594
481 397
35 -15
-606 469
784 971
-3 11
-708 -979
163 294
-323 -614
712 -376
-256 -820
880 -126
-569 68
844 99
-37 299
-929 766
20 100
645 -501
761 579
-810 419
-316 -413
44 931
-946 781
-318 -719
-252 77
-398 616
-835 -220
-895 385
-978 -642
147 467
769 -848
489 -955
798 26
-33 87
-536 939
340 -699
-699 527
-516 -459
357 667
116 -486
480 -593
370 -683
907 -426
328 175
187 4
-713 -199
-29 -995
166 -467
327 -158
-390 450
156 92
-930 51
514 828
-525 -41
-381 -869
493 810
-931 857
-13 -293
-925 -179
234 497
70 627
-73 249
321 585
525 267
-232 663
-457 -349
998 -605
-229 50
703 -522
-446 -236
-778 302
-758 -817
-24 -275
728 251
455 -581
329 443
-166 339
-511 -613
439 -86
-494 -78
-738 -744
-552 -166
435 531
157 449
116 -178
-439 -448
313 556
-777 155
-867 -905
-459 774
667 -322
-710 31
633 -340
-943 960
920 -803
459 -845
-586 500
-305 6
749 760
62 -644
-631 -822
445 336
724 -69
-907 759
463 -66
310 259
-520 -734
-995 -22
457 -860
163 756
-383 -259
-913 -875
85 787
-469 389
458 -44
-21 784
-171 -419
-440 970
589 788
283 105
-625 48
-780 -923
661 -650
102 27
105 956
-354 -829
873 37
-567 388
247 929
-783 -494
330 -867
-259 691
868 841
924 420
-289 -14
612 -562
777 523
-917 477
708 245
697 -585
230 -231
-515 594
-566 -526
326 639
-434 461
-797 845
-935 291
-978 677
-468 -586
-656 212
555 111
907 429
-908 145
-922 -496
523 742
-408 -208
-780 775
530 473
-609 757
42 -155
-774 352
-668 145
-110 -193
726 465
357 -839
497 272
756 -220
333 424
-775 647
-946 225
-944 -830
86 633
130 -280
-726 -880
436 412
-47 -977
211 901
-849 409
351 27
-869 -957
9 365
475 -936
-353 792
-978 -391
-75 -705
-665 262
-837 -412
971 773
834 114
846 209
-40 486
894 -151
-551 954
85 316
-372 647
-326 -821
474 448
687 -278
-636 -538
-967 362
-164 530
-186 655
945 -721
-900 -751
-575 -694
642 363
241 541
581 275
-833 -804
145 482
-763 530
-433 910
-762 56
544 -99
-727 636
229 208
-93 -375
-276 -622
-946 957
-329 -741
-534 2
14 -11
756 192
275 -673
58 -766
-344 -967
752 -681
-127 -782
-216 -30
880 658
485 -584
575 410
-17 969
782 -364
547 -601
350 -455
639 -675
-181 457
-708 194
-98 918
-623 316
-394 -409
-218 -54
-823 375
119 962
785 -381
-134 262
-589 68
196 617
858 187
-19 -100
744 822
783 -458
727 -914
846 505
-868 291
-267 295
848 252
-189 -147
780 -103
923 39
-310 626
327 275
-576 -891
-430 572
-711 305
-304 517
455 408
404 -523
351 598
-88 50
-988 -829
-151 -184
-2 217
456 -224
-235 873
-538 -790
-837 -868
560 506
581 444
731 22
795 52
-479 582
549 -201
292 703
-547 291
-349 -763
272 -102
648 308
-620 -906
457 585
562 915
-919 -468
-875 -458
786 -54
-969 690
18 -565
682 -51
507 -85
791 805
-646 -680
566 458
408 627
-400 -512
-496 -578
374 -923
-76 391
-884 927
-241 -970
968 193
-960 852
490 879
-795 -599
-628 977
-175 321
-318 -815
632 -796
-234 -675
159 -501
209 -741
-460 759
909 -494
825 -314
-381 -916
406 815
704 -703
735 568
-671 286
146 -548
723 -325
310 13
798 532
-87 633
294 -190
-827 127
-660 507
-61 587
-702 -488
-198 799
138 -813
-466 -497
438 -672
275 21
-8 138
-801 -798
419 999
916 -550
-681 -432
-588 823
29 472
770 -927
-548 81
595 431
747 279
980 -173
-14 -312
-378 -568
-65 257
159 276
-912 132
318 -71
234 200
-239 -102
932 -427
866 545
660 -266
48 210
-477 -955
191 -652
-403 435
-518 -894
79 763
259 -377
-774 -204
283 -426
-810 -592
-348 -188
-696 -973
503 82
778 -639
-573 662
-81 -224
-910 570
787 -871
-332 708
973 263
681 207
-490 650
257 102
-586 -21
34 876
284 -212
569 523
-646 -928
-531 -430
389 517
968 80
225 914
559 -985
-244 -950
-241 -384
35 958
-977 -108
-125 -971
743 -776
335 -35
-781 -546
-110 468
566 368
330 -426
312 -183
296 -144
-794 754
895 -653
-511 -457
-914 -120
753 -723
-651 -722
-144 628
-334 676
-823 -980
285 624
-722 -988
-229 -884
341 -529
58 -419
-190 -691
262 -401
231 -102
-693 -714
329 -119
456 388
291 662
-507 -874
353 75
904 -811
-588 -220
-3 386
-247 -795
287 778
958 -697
-284 -841
48 -317
793 683
582 830
128 -764
810 -621
-864 228
14 -167
747 900
952 918
-952 884
854 -421
976 995
-121 -759
289 -483
-678 -189
-830 -906
368 425
137 -986
-890 -988
445 -755
-777 660
430 123
-698 -100
296 -126
300 -91
527 -8
74 826
-509 -39
-601 463
-157 -6
170 904
864 392
984 782
623 762
-723 -352
385 -920
955 129
310 -429
736 858
381 40
3 -282
509 386
-954 190
981 179
664 -972
-771 356
986 11
-804 872
113 471
112 -378
46 483
-90 848
805 -842
-224 770
577 -123
910 -894
-281 454
-509 952
891 488
-9 132
-959 240
389 -818
734 907
-135 362
730 -141
-688 -119
75 393
293 -688
318 -309
811 646
730 141
-688 -483
-870 432
-493 490
-242 611
-765 -389
126 -334
730 541
-312 -82
311 -482
-335 -838
-850 500
-643 -581
49 -755
182 -811
344 -94
-95 136
260 551
-215 648
-990 -257
-933 977
927 608
-359 -79
100 995
821 338
198 734
-360 461
83 -13
988 830
-368 592
-838 37
118 -156
-242 -921
-433 -800
-244 290
-550 396
301 607
432 929
564 902
202 -46
465 -219
-267 -317
941 -794
420 -15
-300 406
207 -989
-843 68
-274 761
862 -522
-598 -378
589 174
146 884
982 616
-640 -431
6 -277
-93 -104
42 -922
769 -724
400 107
225 -11
-653 888
802 -78
538 -434
974 -181
-145 712
162 -301
129 -533
-643 185
-831 -871
-952 490
-948 -547
-262 485
606 -295
-201 418
8 65
503 10
-659 -775
-832 921
-881 -825
800 627
137 -3
-505 286
254 134
633 118
669 -711
-6 -829
-796 -243
-328 462
-70 303
471 826
-552 852
266 286
-207 542
-13 -369
-408 958
-185 827
135 -718
534 -719
-865 -892
-820 -930
-415 255
-694 347
-935 601
834 -429
607 -31
-580 -780
439 -928
-388 154
647 914
-939 709
555 403
-75 884
448 -477
-668 -191
336 -896
-853 563
-224 422
-30 650
263 -122
-528 159
-454 447
106 -56
-828 -360
326 -766
838 9
710 385
-492 242
962 995
-189 22
675 697
-474 947
781 511
-157 -354
-938 -111
-416 -344
-664 -419
-900 -693
265 -719
-359 -305
-783 540
-397 542
-339 981
529 -112
24 -909
362 -171
-376 529
870 97
324 766
301 820
-806 939
-167 -750
193 -236
-669 -623
-317 116
362 468
600 920
-218 257
-461 184
76 -616
130 -669
-533 -5
627 323
-122 59
-333 -972
17 -664
-580 365
428 -177
-302 582
289 -372
-374 641
142 -614
695 -884
-542 767
-947 872
-101 86
-803 -423
128 -756
407 603
-759 439
555 69
-756 -285
559 895
475 49
-980 718
-804 313
-889 -260
-120 590
-306 614
869 -413
386 929
677 542
615 580
578 492
-170 -355
-268 -118
852 320
772 802
264 543
-712 -247
-982 56
-857 476
914 343
47 355
-408 -668
507 583
26 177
505 -221
-214 89
641 -299
-150 -427
-837 587
104 132
-612 -994
-316 -740
-858 860
-214 315
413 607
475 -218
-296 742
853 229
675 -348
310 -344
985 28
994 104
-312 -395
270 -16
378 586
-776 418
106 -740
403 130
751 335
607 -204
-924 -535
844 704
263 807
-415 -672
-23 -742
-953 -89
-144 880
-589 -385
643 864
-901 223
-971 956
-901 186
201 917
-983 -226
502 -227
-449 730
-944 952
-524 -676
-583 -373
-155 787
-139 439
578 -12
-340 199
176 190
-24 132
348 -917
-88 -521
-166 -966
-908 -414
-582 -345
-292 769
5 848
968 -627
-870 142
-893 448
71 164
299 143
976 663
-209 509
-433 -185
838 672
-393 -739
-751 794
-801 673
-460 -42
-567 -402
-884 -373
-184 -996
-948 -767
32 566
284 -899
52 -25
-964 462
-117 499
310 363
-240 -936
800 -562
125 -156
-723 792
694 173
-238 103
792 -325
-146 310
-803 -152
-469 968
873 565
325 679
91 459
364 573
-329 -386
-897 302
-688 298
237 752
522 -357
-360 -35
433 -53
-69 552
875 -465
246 -388
871 -923
-341 -323
-200 -296
539 -179
-779 -580
990 -979
-500 612
98 -389
-272 647
-46 -468
173 -627
805 -757
-970 247
-5 13
285 -889
361 -498
-503 -344
155 -405
332 870
75 160
798 -809
487 951
356 674
-993 991
59 389
-364 -850
-568 -94
-866 549
-929 936
963 -612
-400 -646
-497 -95
-804 99
-578 -228
203 394
-368 276
-352 350
148 -316
-959 -149
82 256
996 -773
-735 205
459 -955
-52 -559
-144 823
547 923
-406 -207
285 -885
-260 -198
-695 -26
539 -109
-455 -494
686 -882
-740 -66
-787 -51
133 -224
-528 -140
-222 -317
-371 -373
-465 469
910 -56
-397 543
690 462
-413 894
907 -961
-68 -860
46 628
87 -838
237 985
-491 946
-312 869
-928 -181
647 -648
-910 -932
-265 -872
-907 -254
631 -256
862 -666
-53 353
514 -577
-854 563
-605 61
-634 -83
967 38
-182 -535
-338 813
273 -561
357 530
-437 -510
-689 -490
-390 -797
927 703
-685 107
-474 -206
268 -542
-585 -802
694 -443
469 -477
736 -15
-764 702
1 -570
794 -125
-830 -183
-103 -141
-864 -53
846 863
-600 -944
539 -500
-619 -14
355 -555
-830 -762
-801 -122
166 -18
340 687
778 83
-744 975
-961 -525
389 410
-673 -370
612 -775
124 -994
760 -2
-22 -464
246 94
504 540
-549 -530
-789 -741
775 -133
125 62
14 278
-674 747
560 637
765 753
-141 291
852 -854
742 930
824 -574
875 -108
-799 519
-438 516
-219 -659
-175 270
-629 -70
739 11
-467 -599
-653 -853
-992 -112
-702 463
-932 -566
-671 976
899 970
-244 867
591 -890
-590 -206
380 45
-61 394
-883 -778
736 -168
-972 874
499 670
-316 258
-503 82
275 28
890 712
-690 -917
454 -91
352 -6
886 -321
275 -725
780 -496
85 -477
-218 -307
-755 290
545 831
-335 626
-861 -177
-680 583
510 129
568 610
-708 -262
-312 -113
-845 601
263 -421
-145 990
554 -243
-21 531
-625 -530
-198 -636
-739 -157
858 -581
539 763
-744 567
-946 -238
504 -275
355 -648
-316 -811
63 153
96 25
-823 -785
420 986
778 831
-448 -194
194 -305
-531 801
-894 20
585 -775
386 -73
691 -349
-29 39
625 -303
-843 -739
-726 -899
816 -985
-278 -956
270 523
-578 -241
-400 294
423 524
-753 -556
220 102
-387 131
144 608
278 851
543 -353
-870 775
-230 -694
-395 -98
-521 498
772 -31
983 -722
985 215
573 9
-944 93
-57 665
37 -525
-949 488
905 636
-486 -438
345 517
-295 389
661 51
-289 831
-661 240
847 795
-98 -483
139 -774
-763 -43
-486 -468
-182 758
-909 -464
189 194
826 865
878 144
-920 806
-273 -123
288 -364
52 -972
-507 769
-542 96
869 -414
55 -998
-552 408
-32 207
228 -499
661 402
-487 471
586 -135
-638 566
-116 -697
524 -592
-866 852
661 979
539 -9
-906 39
-231 -932
286 831
83 -115
-136 -774
534 -927
-661 -758
-397 -774
-768 -910
-807 562
989 472
669 721
-700 -717
-642 761
-462 132
-342 145
-807 -733
878 184
883 -585
-488 -999
474 -263
-574 -276
-483 -753
-2 700
148 -904
972 968
834 -574
-744 -765
52 -879
921 -701
-347 -422
396 140
838 399
43 934
-696 -69
899 292
-964 -64
112 271
-615 -640
814 -976
-933 298
-997 -948
848 -45
265 560
-650 -787
175 397
436 -384
595 -867
720 757
362 496
-339 -182
-974 -490
-371 760
-404 -333
711 -556
588 542
918 834
1 -936
562 379
-99 -262
176 -956
-48 58
681 0
1000 -429
756 781
265 448
-573 747
864 -238
-841 808
-920 -16
509 782
113 -27
-330 341
-685 964
393 255
802 -108
841 240
735 -85
-944 -249
-577 -683
367 433
-270 40
-346 834
186 -310
-625 -402
-376 -75
-944 -688
845 717
-812 861
-495 -386
765 680
-728 874
32 -125
214 -925
573 728
-817 966
-567 -701
868 625
218 -467
-502 -929
808 777
-910 -31
-566 734
547 584
411 -179
927 -998
410 -296
680 -539
252 -214
-327 -398
-259 902
375 395
-523 491
202 -343
877 292
12 740
-50 -804
-64 -459
47 987
-132 -980
410 123
-498 119
207 394
635 942
-638 -395
143 862
-135 -138
-281 -936
827 926
-626 -235
-424 -357
104 700
-553 -925
-544 -966
-909 628
-464 -106
198 293
588 -687
388 -870
-41 -127
666 698
815 276
311 935
652 -967
-956 963
-151 619
-851 324
-90 -623
363 -835
-362 -217
-938 -484
-336 787
-751 871
746 -217
-756 -524
398 385
864 289
-70 644
544 861
-172 275
658 -895
96 -669
-982 -60
219 732
-820 -556
183 333
491 -866
-467 -456
-824 -218
574 537
490 -608
-705 -428
938 -611
-880 873
994 359
608 616
-780 86
417 8
-62 123
941 616
866 -280
-801 111
-987 -69
-664 -113
305 -63
-28 625
514 -642
-676 511
870 30
-133 737
-42 881
-972 -552
828 673
978 834
-112 -91
-744 -847
826 670
-388 -235
-797 534
451 -270
461 506
-375 746
496 763
-790 984
354 990
-108 504
878 79
-960 608
-484 662
-682 443
973 293
746 912
-225 -754
-947 345
128 -462
-475 -849
398 662
-117 19
-320 101
290 154
-258 161
-687 44
-636 -84
-140 -830
56 -824
52 609
552 -537
52 -789
581 755
-443 -501
-839 756
69 -149
-366 557
-724 272
-962 -787
777 833
-377 557
803 275
-551 381
-664 647
354 588
98 795
3 -333
-88 -727
853 414
-747 -21
846 -967
799 -504
420 793
702 -629
487 -629
-743 528
-81 -607
-210 430
888 92
810 -231
786 -16
606 925
990 560
483 -624
-82 954
-970 -280
395 -664
-446 -988
298 684
439 -224
-432 65
-16 -937
-882 -942
-360 6
-592 -155
-144 919
-37 502
68 -85
222 -495
-21 -344
-279 583
171 -302
650 -27
-831 9
-563 141
458 237
95 -560
-772 -874
-555 952
483 -221
-460 -472
353 492
-811 -668
-501 774
-93 183
-562 151
-826 -990
352 -518
-807 196
740 -527
-391 -67
720 636
191 339
402 170
-986 -788
-11 62
786 -484
-598 811
626 -399
877 922
-254 369
679 175
-713 -806
686 908
-682 854
703 -357
-533 884
202 -793
508 -4
80 912
740 -432
538 830
102 590
750 755
324 44
632 764
148 -863
646 -732
812 482
531 -867
893 -788
57 366
-587 376
-915 -544
-670 -860
413 9
-887 744
-945 975
-527 548
-874 74
-388 -763
887 486
-168 -286
369 62
-486 589
-361 -509
-87 630
-997 758
508 -851
605 932
-174 94
512 -791
-533 -772
-906 -209
-485 -633
60 763
623 -351
-630 -757
-282 -245
603 -51
-296 -530
-534 294
-280 -55
-861 600
-622 486
-287 250
369 -155
81 -305
-965 176
104 828
-745 -469
-682 251
803 25
57 -429
279 393
579 787
666 -442
-107 229
611 -918
919 -410
677 -40
360 -323
937 -748
965 -307
254 -548
-987 -149
-321 431
-77 -15
-697 272
-790 541
-652 745
-929 -672
884 579
741 500
407 -723
957 476
-63 922
311 732
803 -337
577 -357
-162 -172
833 -4
-171 -8
-937 -36
982 -179
-464 497
26 295
648 8
-222 -556
-797 -993
-160 407
-222 363
386 -348
436 -973
242 360
-460 291
-416 108
549 911
-2 822
-4 349
-214 479
729 203
-332 -134
531 -281
749 927
-969 971
619 529
382 -845
566 739
940 59
-530 -564
-74 468
-867 -232
106 -120
83 459
126 -644
-725 568
-715 142
698 37
-863 -514
-959 -784
820 -82
266 -594
-481 91
76 318
355 558
709 161
-869 -728
211 305
63 649
-125 -250
-511 -510
469 450
-763 578
910 -501
652 50
180 714
998 594
-842 944
-569 616
318 -639
-905 -195
73 374
-484 -405
984 -121
871 -354
704 -672
-300 -960
-300 680
-10 119
-440 211
895 927
542 617
-887 -760
68 937
361 149
645 184
-371 203
-123 -878
651 -713
-566 264
1 276
739 440
251 -376
-486 898
265 58
674 710
185 581
-665 82
-341 585
988 -686
-633 -775
586 -145
169 -521
-571 -517
494 -404
359 871
985 -370
951 125
483 -5
195 709
112 -237
331 696
-889 454
-217 -363
484 -335
845 -69
448 970
107 889
812 -833
-962 414
809 230
-20 -487
146 -400
908 -346
-610 27
765 -263
-920 667
-889 -663
726 889
798 519
-175 -183
17 188
-765 281
-780 -54
-40 395
-397 350
-639 271
-34 -369
-680 -129
62 210
-806 193
-129 -755
-786 534
280 641
-306 -85
239 952
-688 958
-961 -653
-261 -945
277 713
-93 -146
720 -822
-910 955
-346 -635
123 -775
197 -390
572 242
-318 -157
-626 431
-492 -333
602 500
-26 563
122 -292
-165 892
629 575
-896 -79
337 -796
-592 862
-315 -685
977 867
30 -260
-265 -133
-927 168
-153 540
228 -320
-367 -393
420 131
-642 -440
280 -715
660 934
742 -857
354 -655
618 117
-652 -423
-251 -630
-423 -501
-357 -366
947 -878
-727 -644
-479 -320
425 -592
934 814
168 96
709 -625
-382 -888
-31 -421
642 606
-136 -173
508 -680
-438 498
346 960
-567 829
-818 -633
-549 421
-743 -468
548 -542
-483 -681
-299 -826
839 95
-632 -590
857 786
184 -766
363 -453
529 -256
188 -811
-222 -107
-361 934
-557 855
210 946
-349 -652
-383 201
-253 -326
-789 -601
-577 -667
776 251
162 401
166 -119
995 -568
385 -276
257 199
98 464
-988 998
990 988
-322 479
446 173
-230 -844
-68 -216
787 619
581 541
-684 590
-816 345
-907 -578
-728 234
-134 632
-690 -231
272 -253
177 846
-577 -130
192 -19
895 149
769 -443
569 784
508 -366
676 -768
111 212
332 -323
278 -328
27 -447
-441 867
483 -791
-506 -669
-306 997
517 981
683 383
490 -520
796 496
260 -152
37 384
-985 495
882 -44
-455 -826
899 662
-846 -167
-529 507
-462 389
-323 91
-977 189
-474 756
175 -458
-628 90
346 -996
147 -827
405 133
189 -485
-903 431
608 -34
-237 -179
-340 422
-29 33
-574 388
-699 838
930 841
601 371
883 -831
796 276
829 -978
380 853
968 160
281 237
691 -234
849 891
658 -854
279 562
-753 129
-105 981
281 -450
-273 679
-573 -181
166 470
-528 -468
-220 705
673 -841
-178 318
-155 597
758 924
80 492
233 784
-606 877
199 -919
-119 113
-357 -109
618 462
522 -409
-364 -173
500 879
-614 437
-303 -847
-627 -282
620 269
-270 772
-468 757
-210 -338
-913 -718
-513 -871
200 657
643 -818
-118 -238
-748 -72
-913 543
184 -158
-21 237
432 -718
-491 -446
704 -185
-845 -539
386 -572
-980 647
391 508
357 86
-409 -27
238 343
-140 -654
492 -131
814 -888
-613 -16
-791 672
-291 468
80 -978
554 -637
523 941
120 681
138 699
-177 -370
-302 845
464 542
999 927
-740 -966
459 559
665 219
170 -765
-479 353
980 961
754 939
-890 -164
-464 -840
54 836
503 531
-852 -995
-668 34
407 -457
-181 -997
68 -805
483 839
-59 658
-966 909
138 -438
-226 613
267 891
-167 887
522 944
-549 -288
-531 754
47 925
830 -365
658 866
-31 803
-549 -805
31 -453
517 225
-266 -213
-616 669
-440 -704
-319 985
-60 -399
949 209
-141 915
-642 -274
139 -115
-349 150
-597 -271
985 -835
-248 250
-143 36
-355 -693
807 -257
-659 -429
-434 -435
-508 202
767 738
80 956
0 -256
-783 811
-952 302
-179 -330
-344 203
677 723
528 157
623 -700
-881 -971
-611 -117
84 278
493 -755
58 324
-266 949
-788 298
21 -496
-374 947
-488 925
182 -237
-434 149
137 -190
-197 -324
-99 362
-464 913
902 -959
281 -781
-339 -649
502 547
490 -946
-798 -703
318 -358
542 813
-471 62
590 392
-478 -28
-668 -19
-640 -142
220 76
-538 -787
-153 -819
427 -813
380 -549
-423 540
21 240
298 -373
-284 912
704 -175
284 201
894 247
247 396
456 -399
-540 116
345 176
-240 180
-620 -260
-526 -563
417 -751
314 614
-122 -964
-488 -806
984 886
-859 -868
389 443
-830 -558
-314 123
-729 42
28 -118
-952 -452
311 -913
-103 -22
-479 547
-804 -680
-708 772
933 904
380 910
-128 -214
352 -350
1000 -375
913 -961
666 975
546 -736
-440 -158
-101 -761
845 301
281 213
-568 383
338 556
-590 596
-591 683
-987 -338
-376 -909
378 -816
195 17
533 -451
925 -92
996 997
-568 479
-891 769
636 -375
506 -580
-553 -505
193 -83
-782 704
-121 -498
-137 -703
-265 279
398 505
-364 986
471 111
728 -824
-520 947
955 -372
914 34
-175 932
243 750
-759 188
420 52
-430 552
126 -117
-763 531
696 737
286 708
955 -628
266 -147
328 397
-348 927
409 271
839 -692
-607 -312
-60 947
-801 -743
-540 -79
847 -406
-768 163
541 -277
-781 982
894 741
-278 -313
-692 -641
538 -366
-746 -451
815 206
239 -994
160 282
-55 -539
980 957
682 -310
-696 -103
-660 690
869 -745
651 189
-83 -610
48 -739
173 -62
415 29
590 -611
703 233
787 789
-735 836
-673 541
474 -334
184 -998
50 316
804 98
288 593
-600 992
803 376
417 312
-779 105
682 -710
948 -662
-883 448
115 -541
502 -883
-644 -362
-822 -9
-644 -634
779 -482
29 -925
2 95
570 -152
-145 -714
-493 235
642 998
445 -285
-979 -534
-92 -738
830 518
168 -575
-924 732
77 907
658 -692
457 -12
-791 524
-584 520
876 -126
-516 560
-352 -238
-691 295
-612 423
-760 920
-111 819
893 -628
-349 400
272 -71
839 272
-155 34
-579 -740
583 597
181 281
-846 122
-371 -735
409 463
-617 -97
628 -10
-441 679
982 -303
-92 60
-832 -812
-891 409
909 514
168 96
826 512
95 277
-940 18
-933 -663
-474 -541
78 -670
-929 -331
808 -580
-29 113
661 -830
-103 -66
-795 -927
39 -485
-247 999
740 -121
-943 -636
233 -887
524 284
-634 741
755 -403
344 457
-647 -89
-137 -886
117 934
-486 -450
427 -578
868 438
-706 292
718 28
606 862
392 -213
441 -263
110 234
-792 135
960 226
18 -315
786 190
-883 -623
145 -182
825 -237
-399 -844
137 -194
-71 -380
178 500
930 174
-393 -299
-686 603
-466 463
946 454
1 866
-776 -753
760 -880
493 644
-515 -109
-879 845
-283 738
-927 -399
792 -448
-127 340
-299 -118
862 -233
-403 -162
272 -330
-426 -358
921 -293
-705 -757
-970 209
-163 812
422 -621
-240 -682
783 430
553 329
851 26
703 45
-44 -135
-598 -35
-555 609
377 472
753 568
857 -217
-707 360
657 -853
-870 821
369 -519
995 -938
-615 -434
802 375
-303 -177
952 -537
141 961
982 805
617 577
752 356
-862 -735
527 -923
-307 -235
-733 -92
106 569
-862 788
274 -473
80 240
-113 907
-651 -699
-986 -389
-59 308
-651 371
578 -733
325 -265
100 -27
930 -747
-261 -705
-283 448
-58 -74
835 -619
80 -911
-215 403
805 -222
-335 -359
-48 -953
-20 -578
-321 900
-660 -513
-975 -324
334 1000
581 253
-88 633
574 -758
424 932
58 -117
67 -608
-635 -64
-718 -799
343 232
-493 204
543 -140
351 -759
-113 271
482 269
897 53
-262 -14
-631 -649
-513 -527
-725 -828
457 672
-680 880
862 -164
-806 573
-842 120
199 96
20 -947
400 603
234 -48
-130 597
474 -320
434 -372
-12 -294
-828 640
-609 185
-617 630
963 957
922 -959
482 741
548 -349
403 -181
403 -208
-260 143
461 -983
892 37
-106 -535
-363 -280
-972 -59
748 842
-20 590
730 259
-162 550
547 -873
-932 87
103 -714
700 -199
523 989
819 -450
-429 197
-166 -880
-877 431
21 -230
658 786
-597 -498
-790 -684
-176 641
172 -976
-314 -882
711 -721
-707 1000
-522 284
147 -884
138 49
458 480
-588 449
182 765
-759 -86
443 880
50 -959
-938 953
-489 155
-119 796
37 -890
417 -759
-717 853
319 758
-656 -344
690 733
858 -25
405 340
845 -680
807 -629
-981 659
679 -682
28 460
297 -79
-681 -32
-451 427
160 -285
-161 800
948 -751
-793 -782
-334 712
-554 -310
-636 143
816 600
413 35
142 150
-374 -334
-781 -459
-825 -889
430 56
251 -703
-944 54
949 -274
769 401
851 812
-544 -834
872 -990
84 -232
-388 -674
934 -545
263 47
-208 -22
-270 -69
-554 -793
-527 -71
451 307
999 -381
-109 -221
-942 -902
899 -835
-289 58
-636 -478
458 243
500 186
86 609
-969 -856
-898 -783
811 312
439 -503
-594 19
-813 -726
-266 -574
16 -900
-956 827
228 971
204 798
-272 409
44 -142
-786 -623
18 -493
692 -546
997 671
483 483
-506 334
-982 54
-309 522
-121 437
-777 -282
-472 -99
259 979
24 960
922 -858
-711 296
-198 -262
993 -38
643 -689
-459 399
-887 965
696 615
-959 -75
518 -808
589 583
978 293
-342 337
-938 -184
-165 119
-977 -133
-177 -62
-662 105
895 -494
722 -863
133 -342
-208 -667
-198 671
825 594
788 332
-964 8
963 -922
-658 465
782 877
717 148
838 259
-797 30
-213 -47
-191 287
933 -884
-743 832
315 -486
-123 430
-146 730
829 315
-827 -547
402 157
467 -178
-986 318
-567 407
-553 -309
-297 665
298 -33
-935 -439
-294 -555
-584 996
219 -218
-503 917
427 228
547 -282
-922 -853
104 274
-449 -412
-652 -509
788 683
686 -427
-939 531
-668 -842
-918 -851
364 -961
522 710
524 -699
-169 -689
431 -686
-143 -281
-313 -345
525 834
-196 -180
-41 875
-364 152
-499 -991
-489 502
308 636
639 -679
134 847
137 656
815 -366
-661 636
-383 606
648 217
-486 -401
-400 686
-145 -852
910 287
845 674
663 -328
-457 796
212 132
-732 48
-237 -470
-951 -665
-15 -507
549 433
-943 211
37 -226
-917 376
-998 -926
-224 -304
347 -986
212 -94
-83 677
-170 -682
930 -867
452 337
-166 770
-397 703
-910 91
769 -477
968 -941
-298 -202
-168 -35
-396 944
-337 550
420 166
-115 -482
850 795
96 -63
-901 16
-9 325
16 949
218 715
-487 -664
-649 339
475 318
652 -463
-320 796
277 399
879 634
-217 967
509 502
-479 -728
206 435
-933 -407
345 -522
-735 -153
-870 142
816 32
722 -411
-348 -699
-489 -871
396 -851
-888 -982
426 -196
333 -806
348 -742
-60 -269
725 -79
988 44
-577 -370
69 133
-486 187
-436 -158
752 -52
657 -766
-651 559
-610 192
230 -452
101 249
332 771
961 360
913 494
-867 942
231 -893
-800 481
725 295
380 36
-448 -749
939 -497
-37 -216
624 -106
-45 -745
-644 -46
-343 -358
602 -121
-774 -793
-145 -782
670 -310
797 396
-238 950
36 259
304 4
506 -183
629 -900
-125 -70
118 713
883 376
731 -126
-424 977
-659 183
-251 -561
954 -171
770 975
-436 770
109 -806
209 -917
719 142
-471 -98
207 511
787 627
638 709
-948 386
-608 -27
492 -695
-764 576
-498 -289
-469 -1
-106 -125
685 469
358 988
916 -358
844 570
459 -57
982 282
-437 -662
-484 554
-185 -883
668 81
-431 550
800 68
160 -859
-926 -245
-246 137
975 867
486 116
-408 -381
-269 270
-809 618
539 -394
372 95
727 47
-107 -284
97 -970
734 73
224 709
-904 601
513 -696
-474 747
987 476
798 623
812 268
-335 141
274 -983
96 -69
-870 -65
-643 805
352 203
-582 601
836 -378
349 430
809 -233
-604 -491
-793 936
49 320
863 453
157 208
-116 121
-442 904
563 992
762 698
84 841
352 -238
720 956
-362 -974
-660 -697
-744 262
686 820
-657 668
-428 876
68 326
-454 -223
729 702
-777 82
627 -239
-974 -837
699 755
311 -840
897 -714
-169 -110
-470 -207
343 -857
105 631
899 -477
-786 76
23 844
-733 923
-714 500
894 -846
529 -336
-336 74
379 204
282 -709
-569 -123
-487 398
-177 12
520 270
935 991
-129 160
908 964
-532 -425
731 -454
-201 277
-569 -811
582 -528
754 -129
553 45
-763 742
623 -795
501 808
427 918
-250 -47
100 -740
419 519
838 -359
-543 615
428 -550
-213 419
-468 27
-403 -585
-796 -825
-54 571
690 -562
-647 -473
888 -779
445 841
-60 477
-120 886
-500 -809
802 -226
699 -865
43 -63
460 -538
583 -539
312 374
-743 -627
116 446
-852 -190
866 -387
882 150
672 681
-831 -691
-585 -107
-701 548
580 250
-601 553
-934 84
-766 -484
39 1000
-166 -708
-993 -401
-442 -90
-305 583
-428 469
965 553
-239 -202
445 986
676 -969
-352 364
-887 -103
-400 -601
-758 511
-716 -507
557 -112
907 -554
-213 970
-479 -313
948 495
-889 -973
-329 -578
638 -806
-110 -434
577 -922
-403 -262
919 -520
-309 -579
649 -396
-102 -875
156 -649
-28 -460
-458 -309
934 -527
-889 -955
-670 398
-194 -442
906 611
-884 -108
140 724
-744 250
-204 616
-62 -253
-433 -665
107 -305
-944 720
492 802
542 983
-100 94
279 669
-820 681
781 -760
931 -263
-309 85
-533 -253
-877 -675
79 982
246 -859
886 -66
242 668
-378 42
-965 148
-5 465
758 108
-916 255
-670 -418
-114 -969
167 -429
471 446
101 -924
-470 -589
-470 218
-398 717
363 51
-467 945
-851 -325
530 -26
117 994
216 -934
-556 -270
-864 831
803 737
-357 -160
850 713
-387 669
386 948
369 -333
961 649
-603 763
693 -397
712 523
-961 624
-607 -758
217 336
-171 -422
-692 133
607 46
-888 -71
-63 918
-955 -586
-587 -714
-566 509
16 168
399 947
38 142
-211 -103
423 734
-401 -876
-148 824
569 -739
407 557
462 -349
641 -847
335 -476
546 -500
651 -757
25 333
209 231
-641 623
357 -861
-892 -59
973 147
341 -832
222 184
-896 414
-430 289
-249 -988
191 640
598 -277
900 -243
-842 -135
794 -434
825 847
991 -581
178 -61
735 115
-915 -296
-682 138
-192 -170
-478 943
-475 -934
497 -1
603 936
578 -837
-325 -569
713 -989
-642 -240
-501 -371
-247 635
110 363
831 -173
-34 397
771 579
-940 -98
409 198
-363 -421
232 552
580 -399
-451 482
-472 828
-625 -280
-32 894
-843 -660
131 340
-965 -14
103 -178
-411 -524
-484 917
-1000 298
187 774
868 890
-445 795
406 76
218 -515
-106 152
-46 -175
605 620
690 640
105 -851
455 -53
-579 -463
96 -604
-835 945
-707 -27
734 923
-929 -306
-385 -501
-24 -616
-819 626
513 -833
-410 -801
-467 680
-5 -338
912 -677
-432 -278
-770 -17
341 303
-94 224
-53 -826
679 764
-158 203
-311 148
-593 -503
370 510
355 35
-529 -865
901 -710
-850 665
-44 -434
-787 -914
-253 -174
-957 -90
275 562
-894 934
-297 82
349 993
-884 182
720 890
-882 885
-585 -489
-370 345
142 645
806 161
640 -293
1000 448
862 64
-601 318
515 814
144 685
-570 918
850 -946
442 522
47 -798
880 556
215 567
830 -120
-906 -550
-514 214
-873 -800
170 -19
-458 -308
806 -658
-861 202
814 -977
-476 -46
436 -334
-62 -16
234 777
-8 -190
-710 -252
603 530
-486 -437
-730 -705
-520 862
-404 415
-989 -209
-294 394
134 -689
724 -538
-371 931
720 -888
573 -457
433 946
-857 87
-689 548
615 -210
-29 -727
-367 -888
-722 128
-87 -502
96 632
883 -308
559 -765
135 -509
-993 80
389 -829
-136 463
-413 79
315 -243
642 926
958 -338
171 184
42 -704
-59 284
69 -676
597 298
-800 -903
102 -292
-237 -163
975 -566
49 -827
-98 362
930 620
172 275
-157 -248
886 72
-241 29
123 875
-375 523
-655 -275
-713 520
-230 -548
262 -753
156 911
620 443
942 569
-608 -94
-4 993
736 -973
-321 -116
333 -545
997 604
793 673
148 9
486 454
238 -97
-170 852
2 273
-253 -807
920 653
-308 437
-41 -97
711 529
515 -780
-524 714
-157 166
-753 250
571 -627
297 -679
580 392
246 -390
565 -983
657 106
-536 -221
648 173
593 -365
676 766
-75 -762
-564 84
-279 270
-892 -956
383 847
-620 -469
-847 -250
295 -243
577 248
-393 -503
-475 -611
-69 -464
100 -457
540 856
120 533
596 515
511 -726
64 -182
817 -356
767 55
-854 11
550 -138
-585 -3
-954 -201
-556 779
538 -138
-167 -804
-981 -303
-970 160
14 -607
-249 -331
-915 -782
84 656
408 385
-985 76
-896 -980
646 779
-227 -169
-940 811
-593 -135
-6 -713
-793 500
364 350
-87 -238
224 66
-747 -431
581 -936
173 863
601 -621
-982 -564
373 -494
966 -494
-813 -525
-764 517
-158 -490
732 -499
-4 328
-610 -751
-114 -820
-991 311
-950 -519
-598 -414
-137 -351
-884 -796
-300 160
201 341
-300 722
37 -211
-840 -402
276 759
-876 -939
-239 -817
831 -138
805 -340
-339 60
-844 41
-819 -974
701 -362
-631 301
-751 -527
362 71
-76 -682
934 -972
241 -909
192 740
-226 933
-455 987
-306 -783
997 42
319 869
546 624
696 428
-28 692
919 -525
258 859
729 -844
-570 687
616 823
246 -964
-261 -561
-703 -788
-815 -665
166 361
396 799
-14 -900
933 934
-728 51
-615 -344
-402 -157
-374 -580
-40 617
148 754
208 418
147 -881
-775 -602
-597 885
-14 863
-728 647
21 -85
-565 -923
203 438
936 -716
-51 -492
399 52
-346 -77
515 506
-831 491
658 748
-718 810
553 -957
418 -795
83 -951
-234 370
991 -779
104 133
-229 -38
-472 512
-333 -248
-315 913
705 364
-443 94
-60 755
287 -95
483 980
-243 -185
441 490
-763 713
-373 481
-7 -905
259 700
943 -84
-223 486
-660 47
765 512
-249 175
379 17
-196 -312
813 364
-645 352
-323 270
555 940
2 773
300 -839
-663 342
-473 -458
166 -407
897 249
-577 -399
588 -67
399 -501
-182 -660
39 -232
-641 -36
666 153
-49 467
566 238
-52 -955
103 -135
877 -950
124 -950
578 253
-77 948
-101 789
-565 -571
-621 132
79 -791
-658 -644
481 120
-285 -547
-519 -173
218 -977
-726 26
-306 586
-288 -60
-292 96
946 -524
220 119
305 16
-689 -432
784 -810
29 -588
397 299
-998 498
-245 -489
266 518
318 183
-89 888
12 -285
364 -923
712 700
-535 419
-651 438
809 -78
-188 -198
-259 878
-675 922
-749 -689
-34 606
-210 -661
841 258
445 287
976 470
-25 -759
-46 861
217 -206
-789 -973
-693 -242
-408 -564
376 -142
386 -498
838 595
-582 -333
765 162
386 -129
445 180
254 729
558 487
881 158
-663 689
-42 -60
674 698
882 -899
-849 946
-958 -508
438 404
676 -272
-27 699
842 -960
-883 595
-347 536
163 -882
-764 852
557 446
-823 331
-596 -386
493 -147
753 519
-148 -701
-336 -33
-773 106
-164 -30
397 651
114 709
-217 -745
-916 -777
933 -162
-710 -594
-165 -368
-629 -672
5 -523
-384 900
-636 -990
-62 296
257 -214
484 843
-205 342
-801 -418
858 483
-256 -19
-473 549
170 -76
382 207
-216 -231
-278 -625
-185 -316
274 -629
110 -207
-498 25
967 -706
197 247
233 -91
620 -613
820 -647
-587 -663
45 380
-173 -233
942 -126
59 977
846 144
-334 798
-140 -990
798 268
404 40
55 -654
-202 294
-368 328
-739 811
-313 -539
556 993
-163 565
-456 -494
166 -340
-122 871
-573 404
853 733
793 -40
693 524
-558 194
147 634
-494 305
7 -163
-14 -446
944 339
-258 -663
110 686
-976 -976
523 -43
774 -393
363 -31
762 -976
-605 360
23 -964
-786 531
-619 672
-51 922
-173 -460
-13 388
-356 -700
-252 461
222 -225
-587 -969
890 -257
-595 394
-512 828
-667 -699
-428 885
-754 -362
155 -16
44 -654
-247 -777
-971 271
-256 -698
-695 495
670 -398
-945 -461
588 -203
989 -327
789 -711
-796 1000
103 -749
-268 463
-1 561
960 189
-610 -362
-411 44
499 554
342 -470
303 492
-500 526
930 -419
-395 -598
-444 239
-605 -643
-462 -880
911 391
966 19
238 857
54 525
570 819
-958 393
-751 -890
5 507
-320 510
-702 679
334 755
736 722
620 196
589 -526
725 359
-531 532
-563 -701
-746 85
173 85
-633 -583
209 103
-35 -142
-565 -63
-887 -597
368 -840
633 -884
975 -615
187 661
99 100
-540 -446
109 -658
-188 -835
590 -401
109 687
904 -45
-825 673
582 31
692 -298
-118 -100
1000 -732
-702 -658
-181 969
497 137
518 974
300 -401
466 -811
722 499
969 -437
445 -444
-808 -56
-641 216
106 741
190 867
14 -776
-480 -260
262 -445
-697 202
822 -359
-612 138
591 577
226 979
-633 492
-722 -978
-820 628
-419 -334
509 211
336 950
390 -538
-864 746
132 -738
-398 -22
72 -990
956 -868
-108 -758
871 -735
-12 -633
-402 63
-424 142
-457 -346
-622 -176
-644 -715
932 688
-338 -771
-852 26
890 -63
416 -701
235 -9
476 261
523 274
-865 715
422 -68
-782 836
-987 620
-72 -120
205 -322
835 -379
-220 860
847 369
-19 -758
969 675
908 -899
811 884
-425 15
735 -543
560 246
-72 -781
286 -229
-626 695
-340 33
338 -127
-752 -429
-834 -414
-965 -46
-96 20
604 -970
394 228
616 980
933 -159
922 602
-122 -921
-850 -202
20 541
-857 -890
-494 516
-44 203
975 -569
555 673
667 939
-192 -971
632 741
16 -758
-559 -653
-798 -903
526 -70
126 -860
-310 -393
-136 -536
452 -133
-941 -742
109 -190
-417 -821
630 -507
-932 -271
-175 -316
638 -664
421 -652
-792 429
995 -352
-699 -617
686 625
65 -280
764 577
-899 -521
767 494
-106 -82
-187 705
517 377
337 -415
28 817
29 -909
-510 32
473 -92
848 -419
-600 128
999 -668
641 572
375 852
-157 -366
-17 292
461 29
-728 -10
145 643
-244 -712
803 367
398 -616
82 -116
873 -679
-44 -1000
-899 -890
13 -562
-8 680
-96 764
-977 215
-47 -342
-281 -342
-210 986
517 -161
-311 -558
880 378
-274 838
-227 448
-591 -882
-766 -853
403 913
942 524
112 391
845 411
-946 -390
-153 68
453 -119
-190 484
979 206
-193 -470
271 421
-849 918
881 961
-898 -82
-297 347
867 -389
-924 145
-277 461
-592 542
676 60
-801 616
215 222
503 -223
672 -875
-113 -410
-450 206
-404 -789
-910 -425
595 745
273 -658
-995 -852
-961 608
-376 302
-363 -686
-115 559
-225 -520
-883 5
-798 715
-259 -612
-156 -971
6 788
-49 217
-322 -686
91 290
-933 -178
276 98
-42 -47
-709 648
-329 742
-363 781
272 269
525 -90
-961 -627
-731 180
781 1
17 -616
445 -145
875 756
-572 725
131 -971
-287 659
738 918
884 484
651 -972
-788 94
-381 360
281 -847
847 88
302 -121
290 14
861 386
-399 -977
-13 -546
-704 -976
994 -734
-828 -39
634 -417
975 -791
-324 -511
440 -686
350 -257
-60 -672
-358 969
-396 -884
266 -747
294 -57
-690 57
746 354
179 373
-213 364
255 817
-634 616
-379 -313
-382 718
916 -551
862 284
-666 887
595 920
200 -928
811 278
-955 339
833 172
308 -108
-703 -462
696 -300
-681 -171
-132 -635
-753 611
-86 -879
271 -441
-692 -300
-118 -794
-301 218
218 761
-123 772
81 832
-71 -395
-653 387
544 -874
717 -258
-303 -550
-156 -946
-889 -262
-74 -975
130 -517
-440 -838
753 -793
431 714
-126 -789
-477 -144
-124 -288
856 454
3 525
-423 -313
-969 -509
685 -606
623 297
152 -614
705 -922
-899 -511
227 299
207 377
-316 879
-488 561
284 500
-953 857
610 655
-408 225
-32 46
356 624
-465 -711
844 770
-942 -438
-648 -932
-768 -122
921 -436
-190 -173
105 156
-427 -670
370 -659
464 497
-601 770
354 517
592 -293
595 -276
-138 -846
233 870
166 595
890 984
805 -727
747 460
-257 440
-882 -930
-179 -2
322 641
861 534
268 -393
-966 -479
392 480
-807 -407
-150 853
-777 -707
-267 932
-884 432
487 973
864 771
-46 -985
466 -730
303 137
-491 405
982 -871
946 868
-512 693
-332 -909
838 -277
-452 -979
-32 -399
731 244
499 454
-66 -787
-987 888
-523 206
718 671
-714 -973
445 55
968 -335
-218 -84
678 -197
666 -216
-251 -933
229 -221
-724 -100
722 381
169 -324
-974 -298
445 -549
-601 927
-348 -386
566 553
644 496
-939 -870
983 134
567 512
-833 -551
-421 -257
-571 4
431 755
-311 44
128 136
704 70
294 661
-376 173
71 496
420 -353
47 360
217 997
416 -64
765 939
-202 893
995 627
671 -252
-811 668
-292 -698
-843 -784
-456 -30
-169 -242
461 -352
-574 769
-944 -904
-381 -56
-642 936
-704 266
711 -61
-171 -353
-274 -78
995 812
-783 174
-824 -793
-254 -419
341 -799
-735 157
-686 951
252 269
658 133
389 -749
678 -641
895 138
-962 750
273 102
65 -392
317 291
354 130
-53 198
908 991
342 -689
-693 -838
488 -807
-431 800
-790 343
728 -497
168 632
-916 753
-512 -385
189 296
139 -614
764 146
155 485
-197 -859
153 -946
-690 -821
224 -495
-976 907
-294 440
-907 904
593 -152
422 -385
-252 -855
-857 -644
70 -432
513 -408
476 -570
-559 338
555 824
-698 803
312 899
564 86
-492 634
146 464
-557 166
220 -473
-9 -28
-500 -989
-88 -120
687 36
531 -244
220 -304
-427 -157
-968 -25
-759 -545
12 772
262 -890
-143 724
-878 -186
233 -90
-175 -804
408 -262
-562 -818
715 -547
544 -967
-717 905
-244 714
502 -901
-915 550
-599 -410
531 636
-298 -642
-261 -868
-291 595
280 -874
-318 -372
-665 -251
-956 -523
-371 196
961 -935
-522 -61
-867 217
585 -967
-990 114
919 337
167 893
163 94
-579 -708
889 515
953 912
-247 -158
-74 295
586 -987
-361 335
270 881
897 -411
-747 747
400 810
-316 629
-138 263
-573 -869
-523 -951
-77 -175
542 126
-37 -38
317 -247
59 -426
-917 728
335 132
-645 -700
57 516
-438 -737
-336 673
-245 -917
-584 301
874 217
-348 -190
622 -248
649 -269
-849 -975
-152 276
-563 -587
951 -199
-715 940
-399 -266
689 421
-831 865
-23 -477
-486 -983
-342 765
-762 857
271 -469
174 -227
-476 -670
-139 950
890 -97
403 -810
309 270
0 107
841 -595
-233 -228
328 243
-193 -23
453 -573
-327 -790
465 881
168 999
47 -716
-251 727
-931 -200
210 703
72 -964
-414 116
214 -346
-212 578
-46 82
713 358
-438 -490
531 370
757 244
410 320
-665 867
982 766
-917 -40
718 -206
-321 -477
707 -939
463 -400
-307 -756
-813 899
-767 -844
-14 680
-647 -406
159 -784
162 383
-832 137
648 26
-612 -652
967 -6
531 -79
-500 -267
805 -421
505 -963
164 -63
989 -317
361 -49
190 -164
789 -324
632 -919
969 -751
-332 605
666 -433
139 -24
381 -39
-752 777
-962 -522
944 -821
-362 -765
-787 -73
9 636
-913 636
-227 91
-118 -844
342 64
610 439
87 407
673 601
-149 -640
-727 389
145 62
-887 731
-588 551
367 -2
-103 -552
-511 673
-76 359
-86 -617
262 331
803 217
510 401
-219 -946
-216 255
-543 712
-234 -605
219 -56
80 -488
380 -137
-349 279
-360 444
-967 -847
-319 -640
-707 -291
581 -762
461 -858
423 -990
-607 931
435 -232
-253 -867
-877 -263
376 983
782 944
344 -639
-151 893
-985 575
489 -749
679 608
-188 -345
-402 -240
-637 97
-751 674
744 -381
766 699
418 -864
501 -538
750 593
137 -29
-28 -241
-165 -384
439 295
-557 -694
430 -36
924 -136
-641 498
-654 87
225 -398
501 -706
745 -479
-43 975
900 -825
-601 -888
-243 291
-24 346
490 -991
847 583
-545 -45
309 -461
587 432
120 -920
-109 -144
457 14
834 -813
701 547
-714 229
662 235
731 -59
-430 192
-733 -287
185 -647
-684 613
-543 763
-942 -17
110 -346
-136 -311
592 978
765 860
-116 162
-697 59
-421 -343
-677 31
-191 913
-361 40
144 901
-507 375
919 -108
954 -997
-878 890
500 590
-396 82
-169 891
834 394
-543 681
-997 673
-39 -601
-537 -548
-355 316
345 272
-232 -894
-498 506
734 769
563 124
-822 356
-846 -27
-372 -400
379 -718
-273 -802
783 294
666 253
970 973
891 542
-272 657
-354 244
-106 959
-443 215
-986 -67
-489 -59
-672 -412
-367 -437
722 281
767 816
934 -227
-108 865
765 -755
890 520
117 -555
-421 -420
914 574
31 -340
527 915
-88 -163
-827 -160
678 -227
-764 -904
-461 88
-638 229
65 233
-841 -240
842 -300
-849 -743
-908 -230
747 762
735 873
7 -366
-363 -289
702 639
42 -701
-594 638
-477 -823
-165 145
654 495
169 -338
65 -856
617 507
-163 322
-259 -360
339 178
-423 -748
-46 319
359 457
578 398
593 -727
-47 244
-752 -973
-843 -104
603 -197
-7 989
923 735
808 -450
396 314
171 593
-959 694
594 768
92 -157
630 202
385 -697
-986 -174
-985 389
-744 -838
144 -733
-394 456
-173 -997
-51 177
-44 188
101 14
-713 -756
-995 598
686 -899
221 282
-260 -626
430 -162
306 886
879 -700
441 -174
-79 -726
-422 171
-63 -937
-896 -449
-730 -356
-199 -206
77 -814
951 -971
560 189
23 -728
614 921
-686 -841
548 -875
404 789
-810 145
-66 -634
174 -720
776 -993
275 686
412 -3
935 -110
-573 -553
-10 -894
-343 80
-179 630
-294 726
147 441
-517 510
695 805
-827 241
-164 -758
-208 583
542 -987
-738 774
577 409
-915 -537
-496 -829
-553 303
793 -690
8 -426
426 -534
-251 910
-339 -852
-432 -390
-725 747
-286 -241
-225 784
-951 -931
-556 -893
-938 50
811 990
-798 681
916 -922
-919 484
371 64
416 100
-75 440
182 -947
113 -737
-911 -505
-309 -820
762 -743
-990 302
-774 794
872 -661
-188 -498
-136 712
506 210
-992 592
-945 517
742 848
-731 -272
-367 -720
265 244
836 965
-134 -58
-200 417
-186 -403
514 911
-563 -411
473 573
480 -291
917 -774
-856 -217
910 -259
767 549
965 653
77 -550
912 -562
376 -653
-969 147
721 -304
356 -696
722 -822
-598 -805
-630 -660
-321 54
72 678
-728 -748
-438 955
236 246
-981 779
881 218
-672 800
-658 -263
504 600
488 -434
139 -137
-127 184
-981 752
41 -460
152 -770
-233 306
-982 -516
186 -377
63 98
-247 409
-698 231
945 -129
-129 -344
-278 -706
-53 -177
-497 -93
725 403
676 372
-441 519
371 1000
-870 899
119 -824
925 145
875 -21
256 -700
936 347
52 -479
646 -927
-261 -80
921 372
571 -424
-234 256
-328 162
-908 -61
-44 689
751 637
419 -987
603 408
657 -21
254 -746
21 -65
-383 -284
-692 330
972 -829
-998 363
-33 300
668 589
-944 294
432 561
135 693
-924 -223
-422 -146
-593 -336
359 -211
186 544
613 966
-449 478
924 227
183 -124
-823 534
147 -300
597 -434
-215 919
427 -527
256 55
60 -526
954 480
911 -577
442 -603
189 -149
-69 301
509 500
-152 470
-841 670
-964 -228
38 203
526 -129
796 310
-214 208
500 -979
542 172
245 443
38 320
-280 -243
321 -248
-26 614
623 415
465 774
-734 -44
-625 515
-592 20
-671 -680
1 -578
740 792
715 -452
643 725
-852 867
495 364
182 -461
-879 769
-975 -321
-534 -9
49 198
279 153
-302 -359
961 54
-819 -952
-674 -480
-863 567
595 719
66 -553
539 122
-881 -628
-193 -225
356 -786
278 -335
122 -191
-183 934
171 254
201 962
203 -27
647 -3
-887 -973
-628 628
444 28
-450 -338
-146 -891
-938 -419
-559 48
-346 80
-969 -569
-188 555
-431 -609
879 -875
-127 -181
141 -841
115 406
380 90
-873 -421
862 -829
-194 -543
-222 356
14 381
159 264
748 947
693 290
-152 227
-381 -654
-614 314
773 997
137 -45
-201 -941
-97 162
807 -367
-411 -682
-512 -485
-988 -230
935 -449
-561 -660
661 869
-2 -28
-78 384
-889 290
-279 690
901 822
527 -148
918 -719
-979 -985
457 636
904 809
189 -291
-600 484
110 723
633 -479
342 36
-56 162
-53 967
-77 552
-923 995
116 -8
-410 -17
467 783
77 545
-759 -64
-17 -816
280 -735
-787 -923
387 857
-180 317
-780 -619
-138 -926
-951 523
785 414
928 -268
45 79
91 -33
-639 -245
93 583
-803 -1000
-669 -771
272 -628
269 423
944 422
678 587
-166 916
22 -940
397 740
-174 -481
-705 -466
267 -163
-814 811
-614 238
716 -723
-83 253
415 -262
73 925
-907 -180
-799 -977
-276 160
294 -429
-751 -37
-150 206
-756 616
144 -603
28 -880
174 -285
-198 -654
978 -954
396 -236
-858 961
-30 53
-355 -552
-626 -585
634 -232
11 -770
663 595
-157 -248
280 674
827 539
887 164
285 -790
-872 -287
-382 -302
-317 505
-977 -494
624 -56
-700 677
-319 -621
-324 825
-930 -570
492 617
-405 743
893 850
692 373
71 853
66 614
-369 -365
-255 874
681 599
353 -738
277 523
-371 320
-198 -57
761 433
862 -649
150 -592
-857 445
-382 -350
-667 -457
-392 -159
-677 -112
918 -391
-31 205
-716 81
-301 748
-169 -579
323 774
-404 -42
-346 -388
218 644
-100 -420
271 -907
-674 -822
-596 -191
-672 -918
-26 -930
718 -16
391 -889
-254 767
195 751
-383 520
-877 873
901 337
-765 287
610 -22
870 -89
615 -743
-25 -90
201 -146
-831 -288
789 -694
901 -470
-76 -479
919 586
-313 -299
-73 583
-102 -246
-691 558
484 -472
568 -51
224 -134
-864 -457
-154 635
84 -684
-612 996
34 -265
936 616
204 -2
-360 -811
-572 54
-597 192
727 876
-294 -549
-622 284
496 -892
-414 185
820 711
518 610
-38 -814
-911 -760
224 -663
402 215
-233 453
55 58
972 -291
260 997
-856 -273
213 40
-387 -763
231 136
576 756
-150 173
389 970
-290 -576
-29 571
803 -815
-455 914
-180 714
867 710
906 -143
-19 587
614 335
946 384
-325 221
-837 183
-785 -646
59 884
843 -747
-379 984
722 289
-732 -235
-103 875
609 -791
509 -956
398 -447
721 653
385 234
-134 -371
-123 -193
-888 -734
398 -698
124 149
373 -485
-752 211
-810 69
-406 51
726 -775
557 916
-79 224
288 -934
-933 274
-877 -799
848 573
-181 40
-362 209
-54 692
-292 -457
-974 563
599 166
49 -768
-794 -502
624 834
695 690
308 146
610 -819
-622 247
-750 -187
330 -401
486 446
986 501
995 848
-449 -989
-256 -445
-938 -632
903 264
946 -822
-97 522
-173 138
213 -323
-209 995
-885 935
-101 -881
-437 -896
987 322
132 -769
-660 349
-251 -903
-581 417
832 420
-301 723
325 -205
336 -254
111 -480
76 -427
-357 214
-751 869
-847 -737
-608 -594
924 -583
301 295
-305 21
-717 -817
725 465
859 -507
-833 -145
918 189
-619 623
126 -587
-299 528
546 -795
-547 137
-202 699
-485 -16
589 724
-997 453
-761 -286
425 -198
-95 959
-866 866
-356 858
833 -77
-852 91
-452 -956
-818 734
105 -540
684 768
-603 764
-424 -261
-126 -708
-636 -917
456 97
447 -751
239 -879
762 -447
-640 -683
-70 -925
-700 -312
-804 -420
-150 -636
221 83
433 958
902 -608
-86 607
-222 -248
-615 956
-3 637
-617 -168
-160 -419
482 -695
-415 -964
-805 557
-722 838
-265 -270
332 926
619 -271
649 339
-39 -65
-482 211
-9 439
164 136
695 394
381 -85
997 829
-2 424
476 623
-994 -819
676 663
-622 539
-927 598
992 114
-22 -27
-325 252
719 326
368 158
417 -997
-916 234
-291 -32
-858 -236
457 260
968 141
674 -534
-828 158
-899 -170
933 -521
963 -287
-844 996
-865 -128
-210 -152
-795 -6
867 450
-857 403
-375 370
-56 624
-662 11
-577 861
-299 396
-89 829
-206 473
286 705
-253 29
-776 -336
-34 -911
906 858
684 787
696 728
-419 -178
-801 937
867 747
262 402
-419 -829
-799 842
663 975
-679 -89
464 -124
504 911
-365 -585
461 -936
79 74
-456 -853
-291 755
981 537
-460 -218
-763 399
-103 -912
-303 559
-78 -660
-348 291
333 769
194 -182
164 -669
726 -747
902 953
-750 722
-769 168
-760 695
-795 -737
538 -394
-765 433
33 -383
-650 -728
204 9
675 384
334 697
-912 723
-760 303
996 607
968 444
-168 -213
-93 -852
717 308
-23 -332
765 -697
-226 220
-11 -354
568 144
984 -624
760 -60
-49 411
-758 219
-402 -829
-576 -618
831 51
332 535
-718 101
-7 187
136 -872
-335 -899
-595 596
-141 474
-366 -509
-298 522
960 514
-88 -903
-782 -652
-800 873
314 274
489 -554
592 -184
551 -111
663 -267
28 -134
-970 -903
-53 -126
-663 78
265 755
307 19
615 -712
908 -451
875 932
846 -292
351 -218
349 -486
-651 -726
-928 -525
-31 751
108 -177
797 615
-816 -325
574 -472
703 -660
-910 126
-394 766
-679 -680
-920 -70
675 -467
-134 -651
595 950
-607 -136
900 213
-978 867
431 -845
210 -764
690 -717
-684 -584
-52 217
296 -280
-975 494
-840 86
725 -942
-730 -679
142 -669
-105 -552
863 306
-581 -733
330 -506
-605 940
226 217
779 -444
518 -922
860 685
990 -276
-92 -54
-253 146
98 411
-756 544
-9 -198
37 -513
567 257
408 -147
-603 768
365 77
-970 37
-646 -549
-406 -883
-708 111
-585 -22
122 847
-762 -105
233 742
64 257
373 -14
-646 -228
-813 -717
863 -139
333 342
417 5
959 413
-650 855
13 -401
557 274
218 -478
-312 -681
-358 198
429 234
-421 -197
-425 625
909 -45
213 -450
-65 787
573 -374
987 18
-18 680
-219 -708
-868 872
587 931
255 835
-934 -89
-373 -272
847 617
-894 -473
-859 563
-344 136
367 -888
266 18
792 386
-820 -451
767 -160
931 78
325 -136
233 -91
-156 956
-560 84
-731 -524
-15 -230
-270 -215
548 -747
138 332
756 -62
63 -983
378 314
-202 -15
-300 -792
428 -236
-547 -976
-678 -688
-430 -172
0 428
-692 535
-766 -989
-266 -921
-962 121
341 950
-17 -787
-424 684
-801 618
-598 579
713 289
-961 618
-689 -815
589 780
737 930
926 496
967 -471
-220 734
682 -367
-716 -348
-125 575
548 -49
-980 -500
259 -59
479 -745
-623 217
-465 964
-522 690
24 129
-979 185
31 637
-176 793
-454 899
303 473
159 -944
-44 -100
-939 44
549 627
974 -266
108 825
-320 -300
531 107
831 -292
-493 315
234 486
-933 -479
631 -408
-687 -782
-591 791
627 -497
971 480
-99 707
-567 -742
467 638
-809 912
-832 -928
-734 -374
-64 -995
640 -566
437 -77
311 146
591 -468
-158 473
-312 461
340 497
-393 463
-737 384
226 708
445 -477
-770 937
-903 -725
-576 -883
489 997
-277 -959
-34 914
87 564
381 -714
-590 -167
817 -462
819 912
974 254
827 430
-978 -927
842 251
628 945
938 -955
-126 -429
39 -259
-210 10
240 -834
-864 -338
-249 -54
-52 -760
-630 -165
-847 472
-719 805
445 -886
430 -421
-491 457
725 826
890 -145
52 -823
-36 -301
600 76
-880 671
33 -264
782 421
-456 -672
796 -802
184 619
496 -525
-154 -667
484 957
-933 -622
602 700
-826 507
-38 302
638 -572
80 849
-955 77
847 -987
321 169
226 -673
-563 952
736 67
469 -208
-271 503
820 625
481 -736
239 -997
393 -191
547 -235
746 635
-66 733
795 914
-450 -862
-28 858
-430 618
-990 -848
394 -130
44 -828
-613 -242
584 -386
368 -859
-470 -47
-204 -229
-351 877
-475 -891
-889 713
-514 -217
-975 186
-961 990
-321 -84
-603 -797
110 -549
486 583
-79 -425
-332 -381
-208 -375
-677 -256
614 -261
42 -437
-48 -961
252 650
-567 -88
-762 -952
277 702
976 273
-404 -463
772 373
-542 -537
196 -371
595 133
84 -573
152 210
721 -588
-175 27
512 -722
981 676
833 161
868 976
-858 344
-579 615
609 105
-540 937
-502 387
150 499
-21 -355
865 750
818 303
459 205
430 -369
-406 -855
-273 647
869 658
-94 -454
232 -324
-533 401
-714 -55
-109 889
220 750
622 173
-345 985
-362 -132
232 269
-875 -891
626 -950
-875 245
-757 857
-614 729
-434 -695
981 -193
-101 -205
-94 -237
311 568
-164 -563
-933 -378
-375 -452
913 -15
806 -556
101 -319
975 148
-279 -339
240 -908
272 -413
-70 471
890 857
-330 644
804 -873
-865 162
64 -749
710 -607
-26 488
511 -520
946 426
755 -597
-810 552
708 75
195 -99
72 7
380 -160
47 842
326 -912
19 -980
337 -833
235 -559
-985 -691
-378 -948
885 -880
-31 -270
-586 16
606 -758
760 424
-487 310
-49 940
-602 848
-381 -458
635 -729
22 364
535 618
732 -279
732 752
-416 733
-969 -376
274 -412
-61 -779
-550 -8
825 193
-116 -630
352 453
6 555
-132 -776
-638 384
212 778
939 395
629 236
413 428
246 -456
162 413
369 -862
-461 354
213 474
473 -755
627 -454
-725 -151
514 965
976 -978
-588 513
340 431
76 -356
264 562
-831 -893
-983 -215
-376 -499
-627 522
-120 -988
144 -605
-375 -787
-191 -710
400 -759
-315 60
-506 8
761 494
178 -221
36 743
-29 32
948 515
264 83
127 978
-172 288
-836 -687
436 954
28 749
343 -613
823 83
-866 -492
-209 509
-212 901
-431 202
95 13
974 -718
-71 -870
337 897
-195 -518
-55 680
-164 -425
-915 236
-488 747
141 667
32 728
563 987
569 808
-365 -684
57 -728
-224 -710
-404 -812
-233 517
-552 -281
109 -627
-360 424
202 -552
-614 -642
575 -430
426 -705
-562 -254
-18 -64
225 -567
764 -943
-831 -937
-798 639
-829 708
-520 736
929 -692
-85 391
953 10
898 -300
431 89
879 -777
739 944
370 331
531 585
614 655
758 -950
802 45
-913 70
-143 -514
464 615
-545 427
-507 407
557 530
-298 81
691 -742
509 -680
-112 -530
-915 523
-992 -609
-399 645
905 631
-435 930
632 -631
-59 -643
-149 -126
244 92
644 232
910 -974
26 -590
189 144
-964 -524
-900 -260
107 763
-173 -374
-415 -967
644 323
-403 125
-904 -368
-867 -628
287 -761
-252 -425
693 -375
538 605
502 -623
597 734
398 -795
882 597
661 104
198 301
-354 -306
-770 -895
13 126
-595 209
601 -9
-961 50
738 640
736 -917
185 -687
747 874
35 391
-282 -704
-596 -489
318 653
174 40
-741 784
-459 378
-928 -269
484 72
276 955
291 552
-620 -599
-4 828
312 -730
467 -449
-859 -826
-531 -917
370 219
-879 1000
-809 214
-798 742
153 774
442 774
-278 447
359 102
959 443
493 -490
81 -664
437 -458
535 605
-319 10
116 -380
-97 -523
283 -788
143 827
-378 -794
625 911
-593 306
-817 551
302 -801
378 -722
254 -329
637 -605
250 -291
-505 -979
242 140
-836 -351
942 351
206 600
-301 -349
445 685
-880 -315
-370 -995
493 -58
321 -305
-81 -53
-33 -316
290 731
188 822
-515 -537
-865 -816
-674 966
-75 712
-887 628
-416 -711
628 -658
-631 -451
456 -438
-509 428
81 607
596 724
-27 -758
-425 117
-772 -207
-313 898
809 -957
964 -477
69 333
-363 332
-920 -741
-987 632
585 -978
98 -331
502 -572
-565 -194
78 678
425 519
-692 116
-239 165
-487 718
-397 -730
-75 808
159 52
-624 -862
274 449
-760 739
5 -656
245 558
131 -786
495 560
686 117
-522 92
-998 -806
-285 -852
211 -252
385 -749
-424 -833
-152 945
905 -20
922 780
-354 -520
74 752
973 474
645 -227
-548 -810
90 -188
674 -737
854 -58
-853 -827
18 -1
914 -801
791 527
-11 -26
10 -576
-870 -444
352 258
-992 -251
933 943
-980 35
248 -998
-350 -867
-760 159
-941 -850
842 -463
-150 519
686 338
-453 677
-581 -378
1 733
-611 556
177 -230
608 0
836 -758
-731 -257
-843 -447
-251 946
342 -575
509 576
207 356
-114 -571
-39 -76
-568 142
440 249
620 -788
-28 616
-378 483
62 249
253 -499
-361 808
476 -416
-998 -447
257 -849
-917 -617
701 -863
-920 -798
601 -96
753 997
-476 -131
470 -321
-573 -608
427 -667
534 205
-940 -890
315 593
362 -652
115 627
566 -478
-169 41
643 -320
-885 -313
798 327
688 -102
141 -798
591 -686
-277 -567
-694 -946
-753 -457
947 871
-150 498
-565 538
-356 382
727 -891
898 -395
-415 -429
266 -253
-469 641
324 878
-669 -144
77 -667
-124 -952
710 -485
962 -976
818 -23
323 -941
-845 -271
820 322
523 -193
-567 234
553 240
770 -765
-47 750
310 254
343 -769
516 103
-548 -13
-939 97
199 -579
502 -369
-974 -641
-152 -322
-869 270
-758 126
969 299
510 -766
786 -118
270 489
-782 -744
197 486
-878 354
707 984
-231 698
161 -669
-785 -593
-53 510
-625 952
527 -243
98 -10
679 -663
362 563
501 991
-274 545
-749 -812
941 108
426 669
-948 464
283 295
-27 204
490 667
636 -812
-504 -49
159 -432
-185 -128
857 257
-38 -25
-358 917
-633 300
-414 237
-35 939
-16 814
696 900
-735 255
-935 270
575 600
17 -12
-769 -573
775 -829
-749 453
88 -866
656 11
586 -227
-509 -806
804 -634
-644 -207
-549 -454
-340 -69
-585 -964
-563 421
895 -116
-797 -134
168 -774
248 -98
455 370
-872 296
-840 510
-976 108
263 945
915 -29
106 841
380 -617
446 -264
-770 189
-239 94
-708 758
45 -180
402 847
323 847
542 -114
-77 822
-405 -183
-282 587
874 130
-306 -87
-310 -414
-629 769
-958 -468
44 355
-7 636
883 813
251 813
860 -328
516 -383
-716 622
62 -411
-40 999
804 157
544 367
-219 229
-935 309
-477 -69
243 667
-692 405
-25 912
-390 -586
624 187
619 457
-146 273
-250 -452
805 -85
420 -519
751 742
701 -169
827 -150
-744 473
-306 -150
-194 407
-542 -51
422 -286
592 -466
-273 136
-415 975
-769 -111
-339 -202
496 -464
534 -377
-559 349
856 364
-917 538
-453 -347
256 684
704 26
-78 -146
-961 832
-348 582
858 -379
-534 -315
-431 -383
-641 599
730 155
262 290
516 -591
-38 925
596 249
-312 -140
816 -456
555 322
821 -726
447 345
-312 282
269 -299
-418 -765
963 389
614 932
246 539
-485 -856
-644 -211
-714 -286
-652 -523
-528 755
-814 -402
678 480
-925 792
-634 719
300 634
316 -444
-941 -209
-505 -566
388 -683
-476 -105
98 172
124 -419
369 -849
818 -688
904 -892
161 -723
962 263
-840 13
821 353
755 312
-25 258
104 352
-601 938
524 -414
631 975
478 -235
-329 -44
-673 -886
249 -653
-101 -801
-169 -644
736 508
277 -464
-249 -800
841 693
407 -654
-541 87
-267 577
579 120
-356 526
668 -345
-687 429
-191 372
-806 -341
698 445
127 708
484 730
312 -551
-118 -564
289 35
-43 -220
-339 -857
508 973
680 -822
974 -702
346 -865
205 -891
318 -908
-584 -238
-282 895
338 743
924 -36
32 -532
-901 745
175 720
-735 -735
300 -606
718 -87
143 -565
309 -70
-899 713
850 802
851 915
615 -338
600 -73
810 263
-299 -597
479 389
138 18
-389 300
-579 -336
141 -590
-476 -719
562 236
119 -887
-143 -798
157 422
97 -917
640 -873
-738 -192
-828 -998
895 -271
972 241
556 -477
680 742
680 -724
-45 -478
-74 632
-644 -318
-485 -577
-766 -833
-476 -643
490 285
-614 821
267 226
-980 -816
-48 885
-42 -952
157 -192
528 811
225 -965
-962 830
255 -160
-253 -394
701 588
758 483
-968 783
635 -752
-820 -809
-81 466
291 -78
329 -656
-268 -835
-849 24
79 -162
-783 -49
-499 681
781 751
204 114
286 -95
-228 -50
191 660
-723 -134
-693 -745
-348 -244
-928 96
-324 31
-748 -512
658 -923
126 -483
774 -81
-293 436
-973 -367
780 -204
64 332
946 74
-686 82
-774 152
29 860
701 109
-238 -489
-553 671
937 -547
485 -300
-654 300
233 796
-133 866
150 116
-858 -728
-50 -73
-409 865
-593 -315
-404 -878
-319 -30
-458 -250
-377 36
-667 -343
359 -811
897 -655
50 -410
706 793
-370 92
888 -230
-511 70
251 -460
-461 234
939 -191
207 -476
-785 -52
-479 -909
-935 -769
342 140
-195 903
-603 899
-315 748
586 657
-432 -851
-691 835
-813 114
-413 990
-216 349
-339 792
-453 -409
763 9
-253 34
29 -781
-465 52
-619 -748
-179 -124
616 -149
754 -372
-382 -376
204 355
353 16
949 -339
-212 285
322 -566
-520 -659
890 462
-59 855
501 -886
-681 -701
776 -456
-736 354
-978 -145
978 308
-365 521
359 855
-959 -499
701 -219
790 -440
275 72
710 166
-612 -992
-66 740
-629 316
-144 817
126 -354
34 240
727 -418
-169 638
-632 290
-199 -965
349 412
241 -298
680 -162
77 238
-174 358
-685 -523
-995 859
554 -177
-970 593
994 -251
579 -810
836 670
100 843
-932 -30
-826 -26
-236 -478
-513 535
541 -121
-661 -438
-786 -281
117 200
-547 -564
668 -475
-305 -805
633 -66
276 723
964 -570
-310 -269
-904 339
976 -418
57 -182
-192 186
-596 681
348 -924
-289 471
743 435
-768 986
-318 -709
290 -327
687 551
831 897
-789 862
-995 -889
-557 454
-954 57
-89 -2
-333 213
-649 821
-45 -335
-263 -319
-254 199
460 145
172 362
562 -297
-572 217
723 -191
-729 -876
683 858
-920 271
55 -983
865 297
-825 536
-344 -254
-653 -790
-309 -974
-339 167
115 854
764 121
717 294
365 -839
-445 -844
-918 380
-251 -830
-56 815
-84 792
568 421
61 -605
-843 -462
-647 -70
58 -384
960 189
337 658
-577 -16
87 911
239 -643
405 -632
-255 210
-612 656
864 407
-271 -881
-486 801
360 612
-772 942
-556 813
-982 -587
812 -377
-171 415
-185 360
-625 634
-269 -731
-350 46
740 692
286 -836
-867 9
-732 -886
866 -400
-153 -641
64 -141
873 658
-573 414
519 -432
-112 965
830 -553
701 -59
187 449
423 790
431 779
236 743
106 479
388 13
-728 215
-486 -624
-600 343
983 490
-779 -989
729 881
411 703
-11 -728
251 758
-242 -553
575 999
545 -832
555 51
-510 7
539 979
-807 737
-995 -800
199 -647
-987 629
898 -248
-552 148
-28 -948
408 77
-79 -734
429 -524
-911 -246
832 830
411 615
790 -707
875 750
-252 456
234 403
-237 -47
657 423
-486 -67
880 -155
-379 819
-333 -766
-664 -304
-949 -112
552 -398
-835 331
-209 87
-852 366
-391 333
844 196
324 -387
447 681
-109 994
754 645
390 77
-90 97
-208 -149
814 -805
420 -311
693 -108
-233 -501
-76 896
601 -10
-526 472
242 906
81 876
-482 -863
211 -311
-644 277
-695 717
667 366
565 -466
887 743
626 61
674 -749
-332 816
-155 -238
-647 -269
-546 -561
712 -874
-613 -81
438 -813
598 -82
902 -356
-744 21
-761 768
-570 852
356 619
460 148
230 -375
-394 744
676 334
112 953
-1 -661
-902 500
-220 -591
911 972
-672 320
130 413
-379 349
-463 89
968 895
-588 391
-685 607
-886 -951
3 -769
-694 933
423 898
-752 -274
-325 233
-95 -307
-870 370
-821 -805
101 870
-320 -391
-73 571
935 -161
-942 262
-259 -740
872 430
-931 68
-579 875
683 -820
-15 -259
633 822
-708 393
370 -931
524 741
-233 -40
-285 -942
-607 691
483 248
-911 -108
-388 -818
-747 -958
-756 211
450 -96
-87 -916
-269 993
-105 -335
953 -300
513 -775
228 431
506 -869
-231 -464
457 753
179 558
213 -371
-725 -942
-298 -340
-614 -270
436 -252
161 613
-566 -375
-776 -346
-274 626
764 164
148 -473
285 690
-476 -354
984 100
-73 343
-48 -381
-337 -425
389 958
-867 371
702 567
248 675
-928 -202
-105 -238
-934 -306
-383 -659
735 -706
442 -375
167 382
635 -139
-435 -400
465 -27
-230 988
-159 -869
-946 480
-350 457
-846 -92
-26 569
870 -592
576 554
705 -18
-999 731
-220 66
183 -119
-138 -432
-93 -507
-162 639
-194 878
-900 875
878 -923
279 400
333 -559
-27 -742
509 -899
-140 401
-409 -7
-305 688
27 -306
-936 401
-465 819
-217 -226
-417 873
-364 -640
-761 304
-618 383
-435 175
859 73
-822 971
-102 -754
-688 51
596 871
312 -399
964 314
470 423
-588 -95
891 -22
148 -219
580 -673
-7 885
-259 -447
228 77
133 -445
-269 304
-192 116
-799 891
762 -104
-243 510
-115 -225
-254 624
-817 -941
102 177
-280 726
-930 -289
-858 -21
-795 -92
-549 -51
-550 -251
406 343
-964 -158
899 659
54 384
533 867
485 799
-328 -385
-613 -353
-667 -875
574 142
-256 576
803 56
-430 -799
769 307
312 510
109 293
-507 437
529 973
-764 42
-953 -384
548 -423
25 -938
316 -608
555 589
911 195
-732 -357
179 -370
-911 592
-166 189
283 778
-774 -561
249 -531
-188 -429
-7 -137
-213 654
692 -429
-652 -634
912 -160
343 748
176 -498
203 144
444 75
459 -943
874 -418
-653 -669
-441 197
889 998
-393 232
-614 728
-371 -439
-750 234
-726 -90
902 -784
298 586
998 -132
-268 442
-944 -358
515 836
-425 -621
-55 876
-764 788
-811 -318
-348 327
965 741
-556 646
849 -902
22 522
285 -326
-891 503
-558 -864
-840 749
-94 500
-381 -768
572 -728
725 726
668 864
830 672
-620 -498
481 -223
887 269
346 -82
-558 155
147 -621
-38 193
371 -194
882 -41
-116 883
-120 98
-835 -80
-966 706
-239 101
78 -880
297 -416
-329 24
-124 -243
832 384
-454 966
222 -605
-677 -299
128 659
-71 -786
802 -922
-924 -835
-171 985
685 650
-670 161
-762 -347
-891 -626
-664 404
418 206
864 94
47 -411
414 -495
-884 -296
513 621
-446 614
339 370
-265 -423
-112 -312
702 -72
-606 -103
341 -17
-786 959
-948 -512
304 -323
903 -309
-418 53
-88 123
-406 699
-646 -204
554 940
141 -456
897 -758
-255 232
409 87
-420 567
223 718
938 727
853 651
-697 915
-539 172
719 -212
-26 -350
-862 -627
-922 678
401 270
469 -794
-446 -815
810 563
-543 509
-630 802
-810 319
376 668
131 -294
604 -229
762 942
740 -848
412 963
852 859
373 -111
-911 3
488 -833
-959 610
438 949
-818 -244
-705 -179
-995 785
507 -765
-613 454
608 -923
-77 563
-403 435
-535 823
9 -1000
447 -646
-167 20
435 176
-141 13
175 -63
-400 -153
596 232
-798 -162
877 -409
-109 -79
-336 -646
281 253
542 889
-294 597
673 629
-773 -296
734 -834
973 63
856 -690
-198 7
482 -942
-726 225
2 950
-132 -718
915 29
-474 81
584 579
955 83
-668 909
-927 795
-776 968
-38 -617
882 199
38 607
-892 331
326 955
42 829
-577 -445
-479 140
149 -219
175 -460
-996 -67
-182 -445
528 268
134 -515
-997 -573
-524 -474
401 773
82 580
-184 -273
698 -8
-837 -531
-753 -618
536 505
-958 333
648 689
872 506
162 -633
946 -850
-835 -776
-314 -805
-349 91
160 65
-606 328
-856 448
588 -49
-165 358
705 810
-5 342
300 -705
823 -368
-565 -588
868 500
357 864
-968 390
54 980
148 -125
-957 -543
425 -56
631 -603
654 -871
-128 972
-648 -805
428 17
602 -246
60 348
621 895
97 259
-56 38
-802 859
567 -638
-784 74
673 446
-738 -633
-163 -5
-322 -335
830 -577
-650 143
690 -590
790 -646
-442 -723
466 348
-13 -513
787 -941
-721 -38
317 868
986 605
978 629
994 499
-146 864
-833 -288
143 964
45 -792
545 94
781 -247
555 -271
426 -660
602 173
528 192
-430 67
994 226
325 -38
179 397
208 542
-998 517
560 7
317 -642
-32 -225
433 480
60 773
-681 -219
-223 -896
-800 -879
736 -422
29 593
-625 669
732 433
129 357
-777 -485
-470 -807
418 -222
-976 -114
-24 396
-746 -973
-5 59
222 -475
-119 -646
-271 240
-909 -704
-373 -246
-257 -52
539 -721
-699 121
483 -988
-634 -198
150 527
966 311
455 -498
62 -150
423 584
783 328
120 -590
822 719
0 756
299 -944
279 663
965 904
-413 -526
287 266
309 -717
-344 -545
252 533
-413 240
657 -882
632 909
720 -730
-156 831
888 654
321 -540
-165 329
600 686
-455 50
129 -965
-876 -856
-98 -235
-350 -94
-448 -883
-327 -549
30 869
969 26
-832 -215
143 -605
94 938
919 -89
173 201
-967 683
-323 542
820 776
-701 246
136 -580
-664 -736
-868 260
-190 392
530 627
641 -514
-793 -970
661 515
782 346
484 -266
368 693
-884 -738
396 700
-345 826
761 -360
348 544
-651 -694
-369 -135
683 -325
-252 813
-145 977
-71 258
480 479
350 132
-906 -830
595 185
225 -167
756 -457
-758 -990
-338 993
-530 532
-75 722
541 562
893 -257
-834 -985
-258 276
-279 117
640 87
603 324
872 -321
439 14
-967 218
-25 15
-678 489
642 186
-652 -359
705 411
651 642
-53 289
-117 -436
118 976
632 710
-703 -191
-772 -878
933 235
821 395
-825 324
-997 203
-17 582
-794 840
-305 -42
-838 592
-284 750
25 -589
937 -443
28 -748
793 464
617 882
392 715
-558 800
422 175
-225 -589
750 826
-915 -969
-654 -918
828 -956
-971 270
760 -635
-283 707
106 -904
71 -464
-589 793
616 152
-166 -754
-468 -281
515 -212
576 368
813 -573
861 -837
-307 -172
849 14
367 352
-247 286
-421 -24
-479 -885
-822 672
810 -97
-957 -803
452 -770
-190 -842
-968 -972
851 -209
-378 880
-891 4
-971 -230
-747 835
905 -372
345 814
243 561
282 9
-14 196
39 -836
818 -356
738 -175
-760 -874
-672 -639
584 954
171 57
-25 -91
328 980
521 974
-304 941
-981 -699
-772 -815
126 505
878 -726
-201 -103
349 -820
400 -509
-222 -428
74 217
-88 529
-891 -187
125 90
-691 -53
697 -167
-477 -99
-707 942
618 -361
-697 -795
-371 -733
-673 398
249 -919
117 641
969 -782
152 74
265 417
-869 -128
-908 -16
523 87
895 -219
749 197
203 -700
-250 -628
-411 -179
971 794
942 -300
694 -418
-692 -432
-246 795
-982 -319
-252 -193
-742 -133
36 -307
-193 195
781 -523
381 -763
-963 -6
-148 169
509 392
-952 821
934 629
-425 -698
838 982
-230 -966
-224 336
101 624
-684 -120
938 644
908 367
104 -236
-503 859
23 469
7 843
-568 -127
-179 -296
413 972
658 -227
610 700
-393 678
854 -313
940 -507
938 -305
333 -45
-41 -989
131 -180
-427 -21
-686 618
0 -212
-958 105
-946 -569
-472 904
698 765
794 -742
867 -416
203 -900
71 909
515 348
-741 575
927 653
651 940
-796 475
-531 760
195 847
-7 -865
-264 -993
594 60
-194 393
-623 -433
-737 822
-734 -258
-550 493
80 137
-35 -981
190 985
337 -675
-86 -256
498 133
-11 -171
-817 -376
-613 -760
173 -272
749 -648
-319 -32
-121 248
-383 860
-472 -676
-141 480
-274 176
-53 -682
538 719
-52 218
-33 -363
128 -228
117 717
-484 -845
141 216
-701 689
-127 74
256 348
-34 393
6 758
-555 694
-667 -497
-840 302
338 -502
-406 15
923 -551
825 -990
-151 -334
696 414
-590 858
442 506
137 -819
527 -740
204 917
-902 573
-179 -774
17 831
-821 483
-216 -617
-801 389
-433 183
254 515
153 294
-530 949
247 -807
498 -21
-550 175
-846 289
-670 -501
-390 974
913 -573
359 41
-440 -205
275 664
862 582
851 749
-406 -82
830 -387
139 432
-78 -137
636 -127
216 -717
332 580
-319 854
-848 542
-295 458
394 -183
778 -546
309 -252
-160 513
-836 -586
725 -994
-868 -340
414 296
575 -459
-201 -629
545 168
364 -486
-764 -951
190 -151
557 -5
344 -374
567 17
810 251
-725 713
425 -873
354 -372
-388 -91
-897 779
508 -833
710 -721
-485 -892
773 -863
140 158
728 174
266 -971
-1 127
-543 764
307 681
-263 275
234 31
18 -278
2 458
778 347
-301 355
-484 -510
-733 -361
335 610
-45 -586
-607 -895
686 811
-50 790
-557 222
963 -115
252 -271
-714 384
801 -771
-223 -477
326 -957
-816 -680
-969 -528
307 -51
-815 -520
-474 785
-612 -885
886 -155
77 -312
394 -20
271 -946
962 569
49 140
-914 -776
163 -301
954 745
-599 -884
995 555
833 906
-505 352
-634 -736
250 -772
709 623
-717 817
-98 981
-707 375
-352 -617
681 -524
-339 -94
-544 896
300 -631
-728 349
718 -443
597 -189
288 1000
715 825
-206 211
523 582
-729 644
761 -939
100 -417
-741 -758
267 570
-676 -305
-58 -654
-81 213
36 -908
-754 754
-171 -793
-710 742
-455 -383
161 284
488 -770
527 -35
138 710
-782 154
256 392
816 -433
-820 -559
-717 310
364 816
-868 786
-120 -634
260 368
-464 -648
467 -849
890 732
-45 780
-444 294
-244 -212
-506 289
-624 -748
-673 413
395 723
-484 -684
-651 -501
845 11
-287 -307
534 -99
-489 -809
-328 -622
747 789
-918 -661
-166 988
-257 -199
-323 445
-930 -537
-336 750
-642 -693
-288 272
-98 386
566 -691
-420 -76
-779 202
-511 -34
-750 792
504 -141
-785 790
4 139
-128 814
218 -31
947 -609
415 466
72 -818
838 -972
190 -578
963 48
-977 -809
-601 151
327 -322
-530 56
80 615
-222 -28
712 562
-252 -355
467 -43
-54 235
20 20
-776 131
-147 -28
224 568
-492 428
-963 -274
-163 -433
929 -220
764 -579
-849 -99
804 560
-861 798
-63 -243
873 -579
-139 586
934 238
-742 -974
152 308
263 -15
849 -423
-941 211
-632 990
-987 273
719 530
539 -179
-333 475
-679 664
-730 937
-323 -382
391 -342
-524 980
-567 -945
940 -738
-356 -324
-558 74
836 9
463 -406
-853 -274
-768 -826
351 584
-794 679
-646 -306
-304 -576
556 -173
603 -483
655 94
-954 -133
792 702
401 -573
-589 844
176 -688
-303 -687
180 232
414 -823
28 651
455 248
-632 757
269 796
988 15
456 959
-766 -342
154 -699
-591 959
-479 -999
255 933
581 440
-567 -200
-331 113
825 374
-765 -54
-698 -53
-324 556
-136 382
-465 -908
-318 137
565 -795
14 221
286 -446
-369 -138
762 77
709 -507
-16 707
843 -499
136 329
-259 17
470 430
-926 -923
283 799
-750 -141
-460 -366
-946 -533
-989 -115
930 -547
445 517
519 867
40 -660
-97 -637
178 -993
-307 443
302 256
-332 -989
315 664
-919 -851
469 -530
-728 -945
-838 820
-471 635
69 155
-10 778
132 520
518 -435
-525 -128
-456 -696
-844 -729
703 -260
-869 982
-566 -662
847 -696
902 -505
793 -729
-882 -849
224 43
504 134
-517 150
-678 521
-848 462
85 369
483 228
171 883
-949 716
406 332
-483 214
-762 487
-574 -199
-446 -223
-711 -467
198 349
-389 631
544 -203
763 706
-700 -553
-790 -20
515 -246
194 -364
-206 -925
266 -583
132 894
522 -973
916 664
264 -746
361 819
893 43
889 -150
-750 -503
-193 751
-838 141
-303 174
0 243
640 985
-757 -473
-645 -22
-988 473
-758 679
-157 -200
423 -541
806 -375
-197 -148
808 -805
-145 -29
149 113
13 -809
332 -322
713 929
661 815
716 -440
312 470
934 76
462 -272
-85 129
520 214
487 465
915 76
591 397
-44 -866
82 -954
691 -473
20 314
-702 134
216 214
345 944
-191 -389
-417 560
205 -160
131 -796
19 -585
919 430
206 589
827 984
-765 925
313 -573
-890 385
-819 -843
610 -50
966 -299
-862 398
558 -414
-210 -405
679 -320
381 -82
184 324
-587 -242
-158 367
435 -329
-583 916
-78 244
266 -26
282 820
-53 -560
26 738
676 -952
-388 -574
342 539
-468 -290
-325 -786
-439 642
-71 633
-946 369
836 -287
-900 -855
-582 380
49 269
525 -187
238 -805
-159 -411
-741 533
-188 -966
874 -398
970 550
468 -360
581 -104
-347 -846
-588 -548
30 294
-849 -838
-95 -671
-871 -331
-296 -156
415 -398
181 375
-153 783
598 -720
74 -210
209 -734
111 766
-16 -76
-170 423
992 -684
711 -91
154 442
97 190
591 -761
-735 -505
-18 734
40 679
-1000 -941
809 -640
189 701
-800 418
-495 -985
582 735
-648 658
-558 19
150 -204
-604 157
790 866
-458 -840
668 946
471 -287
-471 -504
-328 35
248 -953
-681 -980
191 756
446 -158
702 269
945 422
-893 615
243 -445
-479 172
782 986
-280 132
-671 -894
-567 987
-736 -890
441 -177
64 786
-961 -683
-948 -518
-119 -258
569 970
17 -390
905 -543
380 53
-724 -491
609 244
499 608
558 -379
574 526
-691 35
609 -74
696 466
416 321
-478 -104
411 395
646 851
-38 668
-402 -159
281 864
189 53
-976 958
477 -984
488 993
-623 -396
723 753
856 184
649 579
-452 661
-345 -244
823 -655
-642 -510
878 -651
829 -686
-878 465
713 -420
523 576
536 61
-672 -512
-715 46
-716 -970
461 793
751 -732
-188 -634
194 338
431 413
263 -518
99 -668
-937 -532
-553 366
658 354
936 590
138 51
770 76
-30 773
-538 12
-153 999
-786 757
-722 -840
918 148
587 -21
-50 -390
915 528
430 -556
-278 55
-664 -682
460 201
-168 -806
-687 -858
42 -264
-852 -735
-698 -487
-151 961
693 -344
860 342
-387 -306
927 274
820 169
943 -406
-202 144
501 -399
682 466
519 157
353 906
939 -934
959 -381
-725 -57
-852 -167
765 729
306 262
-511 121
-666 146
33 869
-886 571
231 -42
227 -882
-707 -307
-48 620
-210 270
67 -57
-462 425
-351 -642
-122 -738
636 411
-598 882
820 563
-938 361
-570 24
894 -283
660 401
216 247
-793 -954
371 452
203 429
347 -432
-804 469
19 731
-897 178
849 121
85 356
-453 -209
-835 -833
464 -114
-668 -955
-586 982
-192 235
171 -813
999 404
836 272
-727 428
848 293
579 -6
-696 -115
-349 500
810 -826
-822 744
417 -613
-786 -872
494 275
303 -488
174 -347
845 832
773 855
-156 258
569 109
-687 -607
-111 11
183 5
451 -834
-475 -876
-872 139
894 519
-489 533
-970 151
75 921
496 -284
777 857
291 -788
411 933
-900 667
385 -450
-54 -340
950 -993
-48 749
-967 -398
710 -67
900 245
-897 -151
783 -926
-436 -96
586 931
6 -276
-252 212
891 83
179 476
-186 420
842 880
477 70
-24 783
50 810
84 -461
646 405
-353 -315
282 428
-724 -162
-865 -480
-668 857
-119 92
407 570
256 -308
-315 168
494 -237
-223 380
-288 -970
-722 846
-167 -454
-830 -26
502 338
-508 -557
391 -82
-168 523
-679 411
-360 515
-733 -380
-531 376
914 -956
-622 -24
502 652
344 -243
-103 548
-534 -358
420 -133
950 46
800 386
-415 463
282 -648
-354 128
-530 197
842 297
266 -835
604 -598
-142 -191
891 68
391 700
-610 -398
-689 594
-649 -337
145 -332
397 6
-415 606
478 235
-211 692
975 505
801 -483
-832 946
230 750
-583 258
-971 -421
619 -717
482 680
657 -17
746 478
-736 -75
698 -601
-858 466
787 605
-913 -512
-381 -646
-458 344
-29 -44
-72 23
386 493
390 492
-750 -165
-156 538
-548 144
-979 -588
792 -116
626 -345
-573 313
-581 -540
863 381
-122 -236
-87 918
42 -246
-899 431
-658 -562
728 422
-935 596
820 398
378 -767
904 637
-350 632
549 720
-755 -308
74 -940
543 -290
485 -331
-648 127
-350 129
754 54
-575 479
399 464
995 572
706 733
201 379
593 279
-988 -747
930 29
-233 635
719 767
-814 114
-284 29
-648 209
-686 635
-634 783
-894 -594
687 -413
871 796
-341 184
949 815
-243 -825
-505 487
113 31
-739 -39
-552 28
-175 734
-210 -569
345 393
224 -583
-743 -693
-670 584
-484 669
-976 981
536 -974
-851 766
97 -783
-450 -246
810 117
-453 144
-71 -930
325 -577
992 158
60 625
82 174
-629 801
-853 -241
767 437
38 -117
-553 359
-29 -924
627 -837
152 -584
814 21
736 -53
-265 -510
-109 -120
843 545
844 69
-815 833
-21 -506
659 870
315 891
-154 967
688 443
-359 -4
-54 -979
-828 504
-892 695
-798 686
428 -613
-965 -438
959 909
-346 681
-579 415
-685 668
-312 -144
-669 361
575 -179
887 -297
-915 -880
-128 19
455 -873
474 -174
947 265
373 567
246 455
-5 585
275 212
-430 97
-433 392
-236 995
-607 260
-165 -887
618 109
506 -940
747 -301
419 629
-909 -461
-119 491
-157 682
170 -260
342 -612
798 -921
-67 250
-685 -157
-513 235
-299 4
-382 708
-263 -976
-148 459
-389 -115
960 345
-954 -939
908 -293
940 837
817 -115
-679 156
420 216
-606 167
630 498
-626 -465
-1 -974
-52 -403
-150 884
991 -1
215 -498
303 -853
509 948
-918 -495
-320 288
16 536
-887 484
929 -348
347 -551
342 -840
519 -702
-197 -471
-969 975
991 292
222 -776
796 906
-270 -815
788 -565
-942 756
393 224
520 678
-317 759
303 -252
203 105
-663 -494
-155 -503
623 33
553 -909
636 271
511 -551
297 -33
213 -701
139 -305
501 -281
881 562
-218 534
-58 -861
840 -631
-357 769
-163 -526
-163 -392
-103 859
179 -5
386 534
-214 -543
200 -403
84 -395
-330 -500
81 236
-796 -69
91 418
51 -342
-863 -859
-18 863
444 680
911 629
-833 877
598 309
-728 -89
-868 672
642 -201
37 90
243 318
-724 -536
-670 -103
234 -58
767 -209
-674 584
558 -701
280 210
-464 143
967 -573
-736 -544
182 512
375 -365
280 -374
661 -691
-615 -244
-309 506
459 456
869 280
-299 -970
394 952
991 900
415 -798
-229 -537
715 -169
-675 -847
470 201
-141 992
-105 -934
-453 717
-858 904
387 248
-651 -248
-560 191
304 -539
-209 433
265 -884
735 428
142 537
-685 -587
6 727
-888 879
-67 498
312 721
-407 -651
403 -506
134 330
792 -63
934 -770
922 589
-572 -388
414 -270
-477 -234
-33 -127
-832 -8
-610 -450
-556 426
249 -242
361 559
977 397
317 -346
408 555
50 -95
404 515
162 -661
654 -776
-836 -600
-856 339
-458 149
725 -413
-406 24
-489 439
940 -595
884 588
107 662
934 -126
531 -517
24 -507
-927 601
-436 -40
196 247
-495 -166
305 -29
-979 833
900 -133
-876 42
-163 -457
663 -37
-818 -155
-242 878
-989 66
980 175
808 -6
438 -669
217 65
768 -26
-656 881
395 -780
807 275
599 -600
-107 -2
512 885
-225 -763
987 -884
49 538
-813 976
553 -99
-502 654
-357 101
-435 -793
-217 880
719 258
616 74
-456 -342
-382 82
248 -296
147 320
427 589
720 -832
-895 -341
-570 -618
722 816
19 763
-314 554
823 838
158 -907
689 671
-59 -70
954 725
798 -277
-870 -395
243 985
941 297
-766 259
-821 -639
423 680
-808 308
469 203
-701 -513
767 -59
650 152
712 374
130 -78
991 -192
154 -200
648 623
-227 -857
150 -856
493 -380
-149 284
629 113
-952 379
-803 -329
411 -56
-457 116
-610 -500
-981 773
-21 -892
-491 403
-271 723
-237 -93
966 -139
-444 -997
-698 -127
225 -667
225 -188
920 979
-258 532
507 775
227 736
-838 -290
781 380
845 -253
-182 727
-548 560
956 -621
835 -263
608 -25
-198 262
314 -349
-352 384
634 632
-902 -840
-554 -688
-387 -3
613 -831
-887 -414
-438 902
-570 -394
696 -330
272 90
-288 -607
-710 -692
-642 392
-778 577
-373 -532
935 884
584 579
-64 -193
-969 792
-296 691
-486 367
924 645
521 -415
-205 -886
163 -233
-877 478
248 973
454 -694
485 379
-839 -376
181 -881
185 -167
716 -873
-302 -153
-536 612
-985 -42
934 866
69 21
787 -91
242 657
-59 498
27 -921
161 -867
-119 256
-416 12
-747 623
-261 -461
249 115
-850 970
-44 -378
818 -770
75 -239
-510 -499
-726 851
-986 756
-35 -666
-508 440
-457 396
381 -757
-530 791
-219 468
-821 39
-54 409
284 -163
361 -433
662 -921
326 -663
537 124
-938 -598
566 570
167 158
719 -732
-725 -513
927 -766
-152 -884
822 339
718 -531
44 163
-753 707
730 -21
887 -179
-198 558
-975 -455
-569 -961
-612 260
-909 -188
-747 727
394 183
875 -590
234 974
219 -448
-743 121
328 963
810 673
-637 92
642 -605
192 500
614 247
943 -413
845 -975
-885 -526
890 -927
-918 -472
509 434
-988 946
-799 741
103 -556
-148 30
336 -66
-930 744
-620 362
965 247
-334 467
101 -520
169 477
-467 76
-547 -402
920 978
682 313
533 -902
607 592
811 -444
-52 457
402 862
51 -939
-814 -395
11 -248
-236 -201
285 -862
-812 -944
-887 -47
-411 -844
-414 683
2 657
-51 -911
449 -18
-330 -709
-305 670
439 -159
-632 287
-128 502
151 651
982 -447
161 -330
-88 64
681 180
354 -643
894 -902
-509 -647
105 981
-207 82
660 -302
-341 144
848 -364
-80 -949
164 -557
-95 -32
-427 -767
-319 -868
-602 13
-95 -565
287 773
982 487
-428 639
-378 -507
820 909
18 -80
625 218
59 -193
816 -415
-915 -584
-642 944
-187 632
119 -65
-250 184
-3 372
-691 -717
-508 90
279 -586
-139 -49
-944 -567
703 362
891 -668
-850 -582
397 -831
589 -727
-468 950
-243 721
651 220
342 -829
916 -170
-529 -605
-131 282
-210 393
-842 -335
-606 -100
683 -120
-806 -305
-712 -666
370 884
-239 -496
-738 -906
-682 882
136 -336
741 -950
-820 -810
-175 -143
-36 -444
-78 -747
-477 600
263 -78
397 45
823 -522
-733 -427
53 -642
-119 -624
-724 782
-313 12
-545 -188
122 -581
844 617
-431 -904
533 -501
68 -915
-34 -810
124 891
-909 -20
825 -432
-827 -216
-830 -201
547 -115
-911 143
701 383
301 -90
469 -406
481 115
8 -204
-879 37
834 -984
-467 -750
-726 -682
-954 325
633 357
-528 -454
254 -331
285 471
-526 -728
-876 898
611 865
-319 85
538 -495
-43 598
200 54
-678 665
-28 -496
-662 742
811 -983
394 -710
-772 -46
877 -852
-192 267
159 180
-899 -909
-97 659
-892 -743
683 414
292 612
468 41
265 746
976 5
-931 189
-404 458
501 929
71 -228
771 943
45 -460
-3 -211
-279 10
587 558
-717 56
-815 -799
919 777
959 676
699 213
831 -148
23 -189
867 -481
906 812
297 -81
272 133
981 -308
-962 265
-498 30
406 281
-689 -505
781 370
-103 -262
899 -721
-661 358
-94 110
60 -492
-563 -189
-526 -693
491 688
908 130
-111 -612
871 748
775 568
-69 86
-13 -813
-907 840
317 208
384 70
360 641
-153 427
-473 926
538 -129
-191 328
524 683
-812 -499
928 -534
768 -770
474 177
-113 -658
-454 -693
139 -800
-329 364
944 790
-341 -556
536 -66
-857 953
-951 -16
506 -218
721 586
-724 226
-477 569
495 180
401 342
144 -913
197 -983
143 -489
584 -716
577 -270
-445 -571
737 -340
258 643
227 403
-893 -449
642 -213
225 70
422 152
907 838
-918 -435
-791 -527
-568 -119
-922 191
-803 -458
-978 104
488 -991
-798 894
-143 -160
52 179
-709 -822
12 521
474 -473
740 369
-429 669
-670 37
-678 326
-574 476
-71 5
968 109
-873 -461
160 53
229 977
119 166
-248 735
374 501
-882 -261
-425 -230
308 -501
445 -689
847 650
495 -804
-844 847
-897 918
969 687
-621 -641
-658 685
-953 625
346 222
-446 -108
-912 -935
-331 555
305 -144
-661 -374
295 -597
-167 -981
-993 475
812 738
408 38
0 312
-953 959
-307 299
470 907
901 737
942 -835
-298 679
594 768
870 -945
-130 -668
-747 -418
967 -647
497 852
-142 758
-752 35
-796 -793
-10 276
944 226
81 -391
-892 -617
-689 740
702 894
727 440
-482 489
-202 -139
541 -337
-258 -659
-233 329
924 -64
266 602
-650 672
-546 -372
-114 -885
67 -517
594 39
-829 -954
-540 382
-270 487
418 34
-594 -877
503 500
943 66
-162 689
786 -942
-85 -623
-707 626
164 651
-782 709
387 2
-426 413
464 -713
-981 993
-225 604
-952 -618
316 749
-265 -607
797 73
867 681
763 -511
221 -33
214 414
463 -895
-813 -281
-995 100
633 366
906 -846
91 646
-830 900
225 78
984 -628
-770 -897
138 -83
150 -10
-610 146
543 -38
117 -475
264 -92
442 221
-381 -409
-862 177
954 -543
376 626
-261 -200
191 -382
906 -325
-682 310
-930 -405
231 242
46 655
-843 -290
812 990
-214 596
895 381
561 -346
-57 -837
-116 -173
-47 372
-646 873
-777 -719
240 410
-893 -387
-418 567
-330 -199
667 -748
334 -12
800 393
932 -955
796 -151
230 -947
522 767
83 973
839 167
976 -320
475 -690
-958 -787
-151 187
81 202
-912 116
465 208
-497 -338
-545 704
131 234
149 620
50 -359
-188 -239
228 343
640 -988
-297 474
759 313
50 -774
-776 719
101 722
-992 -609
843 -514
792 -144
889 -296
274 -682
-97 187
-857 -387
-498 -576
342 22
-936 274
-565 788
-166 66
-707 875
-633 -902
-967 408
-652 -561
100 925
-642 464
-921 391
126 886
-364 -847
-370 331
793 120
-531 721
39 -680
853 -510
317 864
-876 -715
-924 301
588 -724
683 550
-518 858
490 -574
-323 677
-349 51
-337 -375
-393 80
120 -836
388 -131
-792 -109
921 222
-30 940
-888 554
-142 235
-139 -26
819 377
417 674
-612 509
-874 11
-2 849
920 -245
-777 335
944 159
-378 -740
-187 -599
-499 -644
200 154
888 -702
585 -773
-154 -708
619 -467
-357 -241
773 -149
-756 -466
978 41
-977 -83
364 573
144 355
94 -956
-914 890
-533 697
-874 -917
-544 -954
824 617
839 90
49 -604
-231 701
-121 353
-368 771
396 -914
728 -20
-214 190
550 -365
22 -968
511 297
-366 11
-897 -564
-720 741
342 -905
-446 489
-560 181
-997 -110
7 -175
663 270
-381 397
-850 117
-130 -133
585 170
649 248
-900 462
-683 14
678 -169
-856 -943
-138 -76
-794 272
-131 396
640 -614
786 613
130 -768
-744 -992
-530 89
-113 -605
691 995
-544 727
-486 317
-647 -981
384 -374
-457 -404
-789 -304
781 852
-529 763
5 -308
581 693
868 660
879 -807
-853 -20
-616 -1
927 727
-501 -884
181 759
-779 453
-719 146
364 676
577 991
-574 -298
-491 225
764 -720
-857 -868
125 -403
-982 -814
-383 160
381 799
180 -515
787 417
594 -339
-13 -9
-436 -602
-204 825
97 -770
-943 -445
985 -283
524 51
-152 201
-936 -190
-469 626
717 231
-239 -483
598 761
289 836
941 -739
-456 801
93 -511
422 -301
661 -683
-498 -933
-345 -504
240 574
53 -819
192 250
-70 -570
354 51
-644 921
450 -605
-641 -558
845 453
916 600
-286 7
-987 -228
927 -288
442 620
114 615
-788 -238
-967 100
7 -171
271 -736
-472 -642
603 727
240 -280
-513 -870
485 71
675 -309
-817 889
418 -544
436 -676
-92 -901
-160 945
-596 -101
30 -931
364 87
506 141
-752 -721
-527 -996
-796 794
446 742
-309 -654
958 678
356 -925
-311 -965
-533 -716
935 -394
-137 -545
65 853
379 -400
325 -899
-742 -815
438 -659
577 46
836 -1000
-665 -31
442 768
158 147
687 492
7 732
-998 248
771 -187
655 31
282 298
-572 751
574 -870
921 461
189 -135
346 487
821 122
-412 -277
457 715
-476 -970
541 166
-69 -548
-892 -792
-245 -885
177 849
691 -763
355 -544
-401 811
-35 47
-700 -328
845 -365
869 7
465 936
77 -264
-462 -217
-364 -956
-126 739
-501 332
-88 421
209 -781
865 535
-403 341
-26 270
-619 -484
-115 -933
516 -800
751 -634
-540 -202
688 784
517 -399
-756 -341
-158 981
-169 611
-511 -923
945 885
717 211
-718 -818
790 720
-251 869
-336 194
939 313
-592 77
760 -237
-706 765
192 -283
461 -616
-832 -385
-835 121
-544 793
535 671
-950 -805
71 90
487 -336
151 -662
67 -292
296 -936
435 625
982 434
-97 620
-933 -860
53 252
-425 -666
-332 -554
-643 531
-691 951
876 -87
721 -510
-189 741
972 899
21 -263
99 664
-139 634
-904 -672
946 -203
293 573
-839 -382
270 195
-80 -842
568 508
-239 -295
485 -585
334 -521
469 153
-528 -402
309 928
696 -977
-722 53
-431 -47
-837 319
582 614
-773 -244
467 830
168 -347
-739 -634
-994 660
-366 904
886 398
89 -174
-992 -924
-227 -993
-307 546
504 -355
-332 227
5 1
696 -837
612 -223
310 655
-504 -582
-86 -819
-379 -105
425 -235
-594 467
445 -612
-697 -954
777 303
-637 163
454 856
883 521
876 770
611 -33
-861 -694
272 74
-600 -257
783 690
-716 -447
163 -963
318 -118
472 -503
-779 797
618 146
-691 -671
-108 333
-886 174
663 959
-299 -487
-895 199
-387 -785
-907 303
-352 -995
888 560
-393 -533
-292 -322
776 331
73 -112
303 776
-204 56
938 373
-259 667
-401 317
-449 -499
184 167
35 761
276 -610
-583 225
-137 149
-145 532
-69 -772
-675 935
-157 -159
-841 35
-142 -711
-257 742
621 -686
-876 856
-614 -516
979 -864
-433 -340
766 208
-603 242
22 -915
34 602
442 -489
869 44
734 913
-51 570
832 486
299 -50
-912 -588
631 946
33 842
198 422
-106 335
933 459
360 -685
21 -934
-464 526
-164 997
-767 703
-152 754
-594 -7
-86 870
-742 403
441 562
642 -287
297 -873
-708 714
517 843
-337 458
295 485
296 -505
-937 886
274 -456
115 -335
792 8
-992 512
-336 349
979 524
731 -492
-56 651
829 -846
-636 51
-241 -984
-438 838
-814 -763
631 -744
452 622
955 -805
261 75
-589 309
560 -36
-993 -730
867 20
-871 -728
-886 -684
-60 956
286 -919
-180 758
-982 -975
961 -231
0 199
23 -245
923 -661
239 700
-380 399
-206 -305
526 -580
436 985
901 -790
869 392
-151 -569
454 680
54 -653
-624 -235
186 341
833 489
-26 -509
777 -35
-962 993
-986 734
-209 -805
214 644
703 94
759 -129
47 965
-211 137
330 -443
-144 -488
-872 657
409 -252
-45 -647
78 958
280 -647
-372 266
-270 976
-391 -529
172 -998
811 -824
462 237
508 -940
544 -828
-10 -770
85 167
-379 -694
-893 500
599 -423
-195 151
-618 -689
283 322
-783 -40
-41 366
-714 -377
-219 -129
-535 -34
-162 948
-56 206
-839 -372
601 587
882 -206
530 641
601 117
670 511
-245 -358
921 223
-379 769
-399 226
441 -348
699 -302
293 6
936 516
664 53
-71 -600
552 448
315 -131
-316 519
-213 519
-191 -931
-557 332
-325 -416
-905 184
410 -595
670 319
-833 -780
-447 -236
489 614
-140 870
953 -218
679 593
426 433
-675 609
-936 -768
774 -722
-507 -48
-824 429
443 845
-210 -702
-514 915
204 775
-929 384
-361 -866
-817 -910
419 640
-249 450
-322 142
-286 -295
-425 523
-704 884
-651 -560
-375 -601
513 -619
-726 -321
-804 -304
-174 795
500 -449
569 959
273 902
149 -477
-514 -104
742 -57
-443 739
960 -149
-210 -806
977 610
605 -771
822 147
661 -814
420 933
105 -540
-457 870
219 387
-701 296
-185 280
-944 239
498 831
-385 364
-827 -949
956 -772
-863 -506
-472 553
-617 142
-345 274
-738 979
-9 -949
730 637
663 59
-215 905
-840 -19
789 -284
-300 434
16 -797
368 -869
-357 198
-830 -629
-270 -602
834 5
407 6
251 -475
-878 -10
-786 918
390 887
110 481
-811 838
-405 -1
941 -738
-692 -351
387 0
435 825
296 -166
785 -325
263 -330
267 36
-198 -42
393 -73
687 772
12 -611
-859 -451
213 -65
735 -338
584 364
834 -162
427 364
-384 -100
500 381
543 99
599 748
-539 -619
-512 575
533 -940
538 -50
-333 459
-600 -419
-105 397
-175 409
-400 724
75 -668
-979 -555
-604 739
-358 967
641 -729
-258 614
-698 56
-603 -546
-734 -687
-273 964
-705 -346
728 -689
840 -365
-140 3
-655 82
957 -230
-931 884
492 -508
273 963
105 -730
2 -946
-301 823
-347 920
247 800
-665 -464
-888 525
885 937
597 75
-734 15
569 -621
786 -411
-124 -788
-896 345
751 -902
-952 -673
-307 191
-137 792
-299 149
-989 476
301 -273
266 -896
-373 413
-83 -339
-481 108
-998 211
845 -184
-85 -199
-367 39
909 -918
-81 -370
405 -766
-492 -773
223 989
230 -141
-508 -550
391 -806
-585 622
754 664
93 477
-664 -254
-887 189
-237 756
-622 988
422 -649
80 670
768 -658
-835 -283
73 -613
-516 947
188 -239
-457 -181
-132 111
-695 743
340 788
633 191
199 -633
-626 381
151 -878
1000 -713
-128 -766
999 -298
-955 -969
456 -178
206 657
-609 -663
-470 492
464 -844
374 164
34 469
-571 -820
824 -835
397 -741
-373 -8
-484 361
554 129
271 -177
175 779
-181 -63
747 -168
-402 827
-55 633
-303 114
932 228
803 -292
971 -497
-368 782
-652 -691
914 68
-736 81
462 606
570 -136
-127 495
-435 -536
177 330
894 365
-432 -345
-726 779
-23 651
18 620
-85 -464
218 -643
935 -537
-315 -587
-170 420
973 306
-970 -638
909 813
-340 -629
-727 760
7 458
922 -771
-868 953
-762 -592
-487 -515
-738 -146
-475 -394
857 547
759 147
483 665
179 354
763 459
626 -558
863 79
-639 649
-701 245
-106 780
966 -730
-465 -782
824 -918
410 388
-363 -344
86 663
268 328
434 -892
639 -31
-495 276
436 -769
-308 -473
-323 -862
995 -104
-479 970
247 -242
811 649
-703 575
571 -25
793 210
438 -500
-631 -383
-253 -579
329 348
618 330
-383 -604
-134 -888
169 332
762 -126
628 206
450 -757
-596 196
220 363
-219 -746
983 -841
-975 189
328 -4
699 -289
-634 864
-4 510
674 -472
769 44
779 773
-464 -459
951 -381
176 886
-260 638
-61 816
482 -911
3 -387
-327 -429
846 -256
514 -887
152 795
-680 724
845 -32
604 66
989 253
88 459
816 8
-804 -16
-66 900
-121 -669
-455 -176
-853 -270
937 61
703 -861
-273 997
-642 268
717 737
703 969
341 -720
137 102
-300 796
11 902
-639 -710
-409 -391
541 -586
909 -67
-689 532
614 412
-209 181
-59 288
-456 -549
626 812
347 -49
-405 -219
-553 149
-78 -770
-997 614
-61 -304
-352 -293
-435 49
423 -544
-810 406
-900 178
71 -582
740 -760
788 482
-547 -682
470 623
850 -576
-318 -867
806 298
-667 353
191 -958
-538 308
-833 -376
151 -859
291 573
934 394
608 44
-285 594
-535 671
-782 -366
-872 448
-652 221
-156 -928
338 49
-24 -996
-56 434
2 -554
916 135
819 -852
-172 853
68 -845
160 221
16 -636
713 683
15 734
-847 331
-392 -411
-255 783
505 401
-797 250
180 901
-887 -871
-482 439
803 -807
-190 -581
828 -476
957 587
-602 622
-246 -705
270 951
-251 -716
875 -409
586 -167
-341 -986
1 958
870 181
-76 -813
979 520
642 861
-427 109
-638 -897
-357 832
215 710
-775 55
-752 -75
223 -148
243 -261
-720 -525
-189 499
82 -491
908 -354
0 755
-906 831
-496 759
-715 923
-850 971
-810 -86
-251 251
-414 -522
925 -786
412 136
434 -666
331 -976
501 -543
-98 -449
-446 -473
494 191
-150 376
915 -708
910 -508
209 988
-130 369
-228 605
482 487
-371 274
-939 30
175 -711
-99 -25
962 -906
-611 324
876 -960
651 -289
374 694
